-77.6111
-43.6111
-41.6111
-41.6111
-43.6111
-46.6111
-44.6111
-47.6111
-45.6111
-45.6111
-44.6111
-43.6111
-43.6111
-44.6111
-48.6111
-49.6111
-53.6111
-47.6111
-44.6111
-39.6111
-36.6111
-39.6111
-37.6111
-39.6111
-47.6111
-44.6111
-44.6111
-46.6111
-41.6111
-44.6111
-43.6111
-46.6111
-39.6111
-38.6111
-38.6111
-39.6111
-36.6111
-35.6111
-34.6111
-29.6111
-34.6111
-34.6111
-40.6111
-40.6111
-31.6111
-47.6111
-40.6111
-43.6111
-39.6111
-40.6111
-38.6111
-43.6111
-46.6111
-44.6111
-43.6111
-47.6111
-43.6111
-41.6111
-43.6111
-45.6111
-40.6111
-41.6111
-38.6111
-37.6111
-39.6111
-39.6111
-38.6111
-44.6111
-42.6111
-39.6111
-39.6111
-38.6111
-35.6111
-31.6111
-26.6111
-32.6111
-29.6111
-37.6111
-33.6111
-29.6111
-41.6111
-38.6111
-40.6111
-46.6111
-44.6111
-44.6111
-46.6111
-50.6111
-47.6111
-40.6111
-36.6111
-34.6111
-31.6111
-28.6111
-23.6111
-21.6111
-24.6111
-27.6111
-30.6111
-34.6111
-37.6111
-40.6111
-46.6111
-52.6111
-52.6111
-58.6111
-61.6111
-60.6111
-53.6111
-53.6111
-48.6111
-43.6111
-38.6111
-31.6111
-29.6111
-24.6111
-15.6111
-3.61111
7.38889
15.3889
24.3889
39.3889
56.3889
75.3889
107.389
141.389
176.389
213.389
241.389
270.389
299.389
316.389
327.389
332.389
330.389
327.389
316.389
301.389
285.389
263.389
243.389
218.389
194.389
180.389
166.389
160.389
147.389
132.389
116.389
110.389
103.389
94.3889
90.3889
73.3889
59.3889
49.3889
41.3889
30.3889
29.3889
25.3889
20.3889
20.3889
20.3889
15.3889
10.3889
4.38889
1.38889
0.388889
-0.611111
-2.61111
-7.61111
-12.6111
-17.6111
-21.6111
-16.6111
-11.6111
-9.61111
-15.6111
-17.6111
-18.6111
-20.6111
-21.6111
-20.6111
-20.6111
-19.6111
-27.6111
-32.6111
-44.6111
-39.6111
-38.6111
-42.6111
-36.6111
-29.6111
-26.6111
-22.6111
-17.6111
-13.6111
-10.6111
-5.61111
-12.6111
-17.6111
-25.6111
-29.6111
-32.6111
-31.6111
-30.6111
-25.6111
-22.6111
-25.6111
-28.6111
-28.6111
-30.6111
-32.6111
-28.6111
-31.6111
-34.6111
-33.6111
-30.6111
-33.6111
-30.6111
-29.6111
-25.6111
-21.6111
-15.6111
-14.6111
-8.61111
-9.61111
-10.6111
-9.61111
-12.6111
-13.6111
-19.6111
-24.6111
-28.6111
-31.6111
-30.6111
-33.6111
-30.6111
-32.6111
-31.6111
-34.6111
-33.6111
-32.6111
-33.6111
-29.6111
-32.6111
-29.6111
-30.6111
-29.6111
-31.6111
-26.6111
-31.6111
-24.6111
-14.6111
1.38889
28.3889
67.3889
124.389
201.389
299.389
411.389
543.389
676.389
802.389
921.389
1021.39
1099.39
1149.39
1180.39
1171.39
1138.39
1076.39
991.389
898.389
800.389
704.389
621.389
541.389
480.389
426.389
387.389
342.389
304.389
263.389
225.389
192.389
160.389
144.389
121.389
106.389
86.3889
72.3889
58.3889
53.3889
47.3889
46.3889
42.3889
35.3889
37.3889
31.3889
23.3889
19.3889
17.3889
14.3889
14.3889
16.3889
15.3889
9.38889
7.38889
7.38889
7.38889
-1.61111
-3.61111
-5.61111
-7.61111
-14.6111
-8.61111
-6.61111
-10.6111
-15.6111
-18.6111
-23.6111
-23.6111
-29.6111
-29.6111
-31.6111
-29.6111
-28.6111
-26.6111
-19.6111
-12.6111
-10.6111
-12.6111
-11.6111
-14.6111
-18.6111
-18.6111
-18.6111
-20.6111
-14.6111
-13.6111
-10.6111
-10.6111
-7.61111
-8.61111
-16.6111
-23.6111
-28.6111
-30.6111
-27.6111
