-59.8593
-10.8593
-8.85926
-5.85926
2.14074
-3.85926
-3.85926
-8.85926
-8.85926
-12.8593
-14.8593
-13.8593
-13.8593
-13.8593
-14.8593
-14.8593
-15.8593
-16.8593
-17.8593
-16.8593
-19.8593
-19.8593
-18.8593
-19.8593
-22.8593
-18.8593
-14.8593
-16.8593
-16.8593
-13.8593
-8.85926
-7.85926
-7.85926
-9.85926
-3.85926
-9.85926
-9.85926
-11.8593
-7.85926
-12.8593
-12.8593
-12.8593
-14.8593
-20.8593
-22.8593
-22.8593
-15.8593
-19.8593
-13.8593
-14.8593
-10.8593
-9.85926
-9.85926
-10.8593
-8.85926
-6.85926
5.14074
13.1407
27.1407
54.1407
94.1407
152.141
233.141
341.141
464.141
615.141
768.141
924.141
1071.14
1197.14
1293.14
1354.14
1389.14
1384.14
1348.14
1292.14
1225.14
1140.14
1051.14
967.141
874.141
791.141
707.141
626.141
545.141
482.141
423.141
376.141
325.141
289.141
251.141
220.141
199.141
176.141
153.141
132.141
114.141
98.1407
86.1407
70.1407
62.1407
52.1407
48.1407
42.1407
30.1407
27.1407
24.1407
23.1407
21.1407
19.1407
19.1407
19.1407
16.1407
20.1407
13.1407
11.1407
7.14074
6.14074
3.14074
-0.859259
-2.85926
-1.85926
-3.85926
-2.85926
0.140741
-0.859259
3.14074
2.14074
3.14074
-1.85926
-2.85926
-3.85926
0.140741
1.14074
1.14074
3.14074
12.1407
18.1407
21.1407
20.1407
22.1407
20.1407
22.1407
21.1407
21.1407
23.1407
25.1407
21.1407
13.1407
15.1407
16.1407
10.1407
11.1407
11.1407
11.1407
14.1407
18.1407
16.1407
15.1407
14.1407
11.1407
10.1407
13.1407
12.1407
18.1407
23.1407
24.1407
23.1407
16.1407
9.14074
4.14074
-4.85926
-8.85926
-6.85926
-3.85926
4.14074
5.14074
12.1407
15.1407
15.1407
10.1407
10.1407
5.14074
-0.859259
-2.85926
-6.85926
1.14074
6.14074
3.14074
4.14074
3.14074
1.14074
2.14074
4.14074
3.14074
9.14074
4.14074
4.14074
6.14074
7.14074
3.14074
-3.85926
-7.85926
-11.8593
-10.8593
-7.85926
-2.85926
-3.85926
-3.85926
-7.85926
-8.85926
-3.85926
-3.85926
2.14074
2.14074
2.14074
0.140741
2.14074
-6.85926
-4.85926
-4.85926
-5.85926
-2.85926
1.14074
-1.85926
-2.85926
-0.859259
-3.85926
-5.85926
-4.85926
-5.85926
-7.85926
-8.85926
-5.85926
-7.85926
-8.85926
-7.85926
-3.85926
-3.85926
-3.85926
-0.859259
1.14074
4.14074
3.14074
0.140741
-5.85926
-6.85926
-5.85926
-0.859259
5.14074
10.1407
9.14074
10.1407
7.14074
11.1407
7.14074
-0.859259
-1.85926
-4.85926
-7.85926
-10.8593
-9.85926
-11.8593
-14.8593
-15.8593
-17.8593
-13.8593
-13.8593
-5.85926
-4.85926
1.14074
5.14074
4.14074
6.14074
7.14074
3.14074
3.14074
0.140741
2.14074
4.14074
-2.85926
-9.85926
-11.8593
-17.8593
-19.8593
-18.8593
-15.8593
-10.8593
-5.85926
-1.85926
2.14074
3.14074
0.140741
-0.859259
-3.85926
1.14074
1.14074
7.14074
7.14074
12.1407
14.1407
15.1407
13.1407
11.1407
4.14074
2.14074
1.14074
0.140741
-2.85926
-4.85926
-8.85926
-11.8593
-10.8593
-10.8593
-7.85926
-6.85926
-5.85926
-5.85926
-0.859259
-3.85926
-4.85926
-4.85926
-0.859259
5.14074
6.14074
15.1407
17.1407
13.1407
10.1407
11.1407
7.14074
4.14074
5.14074
3.14074
3.14074
1.14074
-0.859259
1.14074
0.140741
3.14074
0.140741
-0.859259
-3.85926
-6.85926
-8.85926
-7.85926
-5.85926
-0.859259
-0.859259
-1.85926
