-21.537
-3.53704
-8.53704
-11.537
-10.537
-9.53704
-12.537
-11.537
-16.537
-16.537
-20.537
-22.537
-26.537
-24.537
-31.537
-35.537
-36.537
-36.537
-37.537
-34.537
-30.537
-26.537
-26.537
-22.537
-23.537
-25.537
-20.537
-19.537
-19.537
-17.537
-14.537
-13.537
-10.537
-11.537
-14.537
-15.537
-12.537
-9.53704
-11.537
-14.537
-13.537
-12.537
-17.537
-17.537
-20.537
-19.537
-12.537
-7.53704
-2.53704
6.46296
2.46296
8.46296
11.463
12.463
10.463
7.46296
7.46296
7.46296
8.46296
7.46296
8.46296
1.46296
-0.537037
-1.53704
-4.53704
-9.53704
-7.53704
-6.53704
-3.53704
0.462963
0.462963
6.46296
4.46296
2.46296
19.463
4.46296
0.462963
2.46296
4.46296
2.46296
2.46296
0.462963
-3.53704
-4.53704
-11.537
-13.537
-8.53704
-8.53704
-8.53704
-6.53704
-6.53704
-8.53704
-1.53704
-7.53704
-5.53704
-6.53704
-4.53704
-7.53704
-10.537
-12.537
-13.537
-9.53704
-7.53704
-7.53704
-11.537
-9.53704
-6.53704
-2.53704
2.46296
7.46296
9.46296
10.463
7.46296
0.462963
0.462963
-0.537037
-3.53704
-3.53704
-1.53704
-7.53704
-4.53704
-3.53704
-0.537037
1.46296
2.46296
7.46296
0.462963
5.46296
3.46296
6.46296
5.46296
6.46296
7.46296
7.46296
5.46296
4.46296
5.46296
8.46296
7.46296
5.46296
4.46296
10.463
5.46296
6.46296
7.46296
2.46296
6.46296
0.462963
-0.537037
-0.537037
-5.53704
0.462963
-0.537037
-3.53704
-2.53704
-19.537
4.46296
2.46296
4.46296
8.46296
7.46296
7.46296
5.46296
5.46296
3.46296
-0.537037
-0.537037
-1.53704
-2.53704
-5.53704
-5.53704
-3.53704
-4.53704
-4.53704
0.462963
2.46296
2.46296
5.46296
6.46296
6.46296
5.46296
4.46296
7.46296
10.463
10.463
12.463
8.46296
11.463
12.463
15.463
15.463
14.463
16.463
15.463
15.463
17.463
14.463
17.463
12.463
8.46296
7.46296
10.463
10.463
13.463
13.463
15.463
20.463
21.463
25.463
26.463
26.463
24.463
21.463
24.463
22.463
14.463
13.463
9.46296
5.46296
7.46296
10.463
8.46296
11.463
10.463
16.463
26.463
51.463
91.463
149.463
236.463
339.463
503.463
672.463
860.463
1045.46
1218.46
1359.46
1471.46
1535.46
1560.46
1547.46
1498.46
1415.46
1308.46
1180.46
1041.46
898.463
771.463
650.463
543.463
444.463
365.463
293.463
233.463
180.463
135.463
102.463
73.463
57.463
40.463
30.463
21.463
16.463
9.46296
2.46296
-1.53704
2.46296
-0.537037
-1.53704
2.46296
5.46296
1.46296
1.46296
-1.53704
-3.53704
-3.53704
2.46296
-2.53704
-2.53704
-3.53704
-5.53704
-4.53704
-5.53704
-0.537037
-2.53704
6.46296
6.46296
7.46296
4.46296
3.46296
-0.537037
3.46296
2.46296
8.46296
11.463
11.463
8.46296
6.46296
12.463
16.463
16.463
16.463
16.463
10.463
12.463
8.46296
3.46296
2.46296
-1.53704
1.46296
6.46296
7.46296
9.46296
4.46296
18.463
19.463
24.463
22.463
20.463
24.463
20.463
20.463
22.463
15.463
11.463
7.46296
5.46296
5.46296
5.46296
11.463
19.463
18.463
16.463
19.463
15.463
11.463
8.46296
9.46296
7.46296
5.46296
2.46296
4.46296
0.462963
-2.53704
0.462963
2.46296
2.46296
3.46296
-1.53704
3.46296
