-47.1963
-14.1963
-13.1963
-15.1963
-15.1963
-16.1963
-13.1963
-16.1963
-16.1963
-19.1963
-25.1963
-30.1963
-34.1963
-30.1963
-33.1963
-35.1963
-32.1963
-30.1963
-33.1963
-30.1963
-25.1963
-28.1963
-30.1963
-29.1963
-32.1963
-29.1963
-25.1963
-16.1963
-17.1963
-21.1963
-19.1963
-20.1963
-23.1963
-21.1963
-20.1963
-25.1963
-28.1963
-30.1963
-31.1963
-35.1963
-32.1963
-28.1963
-30.1963
-23.1963
-26.1963
-25.1963
-28.1963
-29.1963
-27.1963
-27.1963
-26.1963
-29.1963
-31.1963
-23.1963
-22.1963
-18.1963
-17.1963
-17.1963
-23.1963
-21.1963
-21.1963
-22.1963
-15.1963
-16.1963
-19.1963
-16.1963
-16.1963
-17.1963
-19.1963
-13.1963
-13.1963
-14.1963
-15.1963
-22.1963
-24.1963
-27.1963
-24.1963
-22.1963
-23.1963
-30.1963
-31.1963
-29.1963
-22.1963
-21.1963
-14.1963
-10.1963
-11.1963
-13.1963
-12.1963
-12.1963
-12.1963
-14.1963
-18.1963
-18.1963
-23.1963
-23.1963
-25.1963
-22.1963
-22.1963
-17.1963
-13.1963
-14.1963
-19.1963
-17.1963
-17.1963
-15.1963
-13.1963
-14.1963
-10.1963
-12.1963
-10.1963
-11.1963
-13.1963
-14.1963
-14.1963
-13.1963
-11.1963
-9.1963
-11.1963
-8.1963
-13.1963
-12.1963
-12.1963
-19.1963
-17.1963
-19.1963
-12.1963
-17.1963
-17.1963
-16.1963
-13.1963
-13.1963
-13.1963
-12.1963
-13.1963
-14.1963
-19.1963
-16.1963
-15.1963
-12.1963
-18.1963
-13.1963
-12.1963
-9.1963
-10.1963
-13.1963
-9.1963
-7.1963
-7.1963
-12.1963
-13.1963
-13.1963
-12.1963
-10.1963
-7.1963
-8.1963
-7.1963
-4.1963
-6.1963
-8.1963
-8.1963
-10.1963
-7.1963
-4.1963
-3.1963
-4.1963
-2.1963
-4.1963
-3.1963
-2.1963
-3.1963
-5.1963
-10.1963
-8.1963
-10.1963
-6.1963
-8.1963
-8.1963
-8.1963
-8.1963
-8.1963
-12.1963
-11.1963
-12.1963
-14.1963
-12.1963
-11.1963
-10.1963
-14.1963
-10.1963
-5.1963
-10.1963
-3.1963
-3.1963
-4.1963
-3.1963
-2.1963
-5.1963
-5.1963
-7.1963
-9.1963
-7.1963
-13.1963
-9.1963
-12.1963
-9.1963
-10.1963
-6.1963
-6.1963
-5.1963
-3.1963
-4.1963
-2.1963
2.8037
-3.1963
-3.1963
-3.1963
-2.1963
-7.1963
-5.1963
-2.1963
-4.1963
-6.1963
-2.1963
-3.1963
0.803704
3.8037
6.8037
18.8037
34.8037
64.8037
105.804
158.804
226.804
302.804
391.804
490.804
599.804
716.804
823.804
916.804
988.804
1035.8
1051.8
1030.8
983.804
925.804
856.804
787.804
726.804
662.804
598.804
547.804
494.804
448.804
402.804
359.804
327.804
295.804
275.804
259.804
240.804
222.804
212.804
200.804
186.804
171.804
153.804
139.804
127.804
111.804
103.804
93.8037
86.8037
78.8037
68.8037
53.8037
45.8037
37.8037
32.8037
21.8037
13.8037
10.8037
1.8037
-2.1963
-7.1963
-7.1963
-4.1963
-0.196296
11.8037
21.8037
30.8037
43.8037
60.8037
70.8037
87.8037
102.804
117.804
133.804
144.804
156.804
172.804
181.804
186.804
184.804
177.804
169.804
159.804
142.804
125.804
109.804
94.8037
80.8037
66.8037
57.8037
48.8037
43.8037
38.8037
33.8037
31.8037
29.8037
24.8037
25.8037
19.8037
21.8037
22.8037
21.8037
18.8037
17.8037
15.8037
12.8037
11.8037
12.8037
11.8037
12.8037
7.8037
3.8037
-0.196296
-6.1963
-4.1963
-2.1963
-1.1963
0.803704
4.8037
0.803704
-0.196296
0.803704
-0.196296
0.803704
-0.196296
