-79.0963
-52.0963
-50.0963
-50.0963
-50.0963
-51.0963
-50.0963
-47.0963
-46.0963
-42.0963
-42.0963
-39.0963
-40.0963
-34.0963
-33.0963
-33.0963
-32.0963
-35.0963
-41.0963
-44.0963
-47.0963
-48.0963
-49.0963
-49.0963
-60.0963
-46.0963
-47.0963
-50.0963
-50.0963
-46.0963
-47.0963
-49.0963
-43.0963
-38.0963
-40.0963
-34.0963
-40.0963
-38.0963
-40.0963
-36.0963
-37.0963
-34.0963
-32.0963
-33.0963
-24.0963
-36.0963
-39.0963
-42.0963
-40.0963
-44.0963
-47.0963
-48.0963
-53.0963
-61.0963
-62.0963
-67.0963
-69.0963
-59.0963
-54.0963
-51.0963
-41.0963
-38.0963
-35.0963
-31.0963
-34.0963
-29.0963
-29.0963
-22.0963
-24.0963
-29.0963
-29.0963
-34.0963
-36.0963
-37.0963
-37.0963
-38.0963
-38.0963
-50.0963
-46.0963
-42.0963
-51.0963
-48.0963
-48.0963
-53.0963
-52.0963
-46.0963
-46.0963
-40.0963
-36.0963
-37.0963
-37.0963
-33.0963
-34.0963
-31.0963
-30.0963
-27.0963
-28.0963
-30.0963
-29.0963
-29.0963
-30.0963
-36.0963
-37.0963
-36.0963
-38.0963
-38.0963
-34.0963
-34.0963
-36.0963
-44.0963
-46.0963
-40.0963
-36.0963
-34.0963
-33.0963
-27.0963
-23.0963
-15.0963
1.9037
14.9037
31.9037
55.9037
77.9037
106.904
131.904
154.904
179.904
207.904
226.904
249.904
272.904
290.904
305.904
315.904
315.904
308.904
297.904
279.904
261.904
245.904
224.904
204.904
189.904
178.904
167.904
157.904
148.904
138.904
131.904
122.904
111.904
101.904
90.9037
75.9037
63.9037
54.9037
45.9037
42.9037
36.9037
30.9037
28.9037
25.9037
22.9037
18.9037
13.9037
4.9037
-1.0963
-4.0963
-9.0963
-12.0963
-13.0963
-9.0963
-12.0963
-10.0963
-12.0963
-9.0963
-14.0963
-17.0963
-20.0963
-25.0963
-26.0963
-33.0963
-36.0963
-34.0963
-35.0963
-39.0963
-39.0963
-43.0963
-43.0963
-43.0963
-40.0963
-38.0963
-35.0963
-32.0963
-31.0963
-27.0963
-20.0963
-24.0963
-25.0963
-22.0963
-19.0963
-17.0963
-15.0963
-12.0963
-9.0963
-6.0963
-8.0963
-7.0963
-11.0963
-11.0963
-12.0963
-19.0963
-23.0963
-29.0963
-32.0963
-32.0963
-32.0963
-30.0963
-30.0963
-30.0963
-23.0963
-16.0963
-11.0963
-7.0963
-6.0963
-8.0963
-10.0963
-16.0963
-17.0963
-21.0963
-29.0963
-28.0963
-30.0963
-30.0963
-29.0963
-31.0963
-29.0963
-36.0963
-38.0963
-40.0963
-43.0963
-41.0963
-37.0963
-31.0963
-33.0963
-30.0963
-26.0963
-29.0963
-29.0963
-30.0963
-26.0963
-25.0963
-20.0963
-10.0963
1.9037
18.9037
43.9037
86.9037
141.904
222.904
327.904
453.904
594.904
740.904
875.904
987.904
1077.9
1136.9
1175.9
1184.9
1174.9
1134.9
1077.9
1008.9
924.904
842.904
750.904
665.904
587.904
514.904
453.904
393.904
333.904
287.904
245.904
205.904
175.904
153.904
135.904
116.904
102.904
92.9037
82.9037
79.9037
70.9037
67.9037
58.9037
41.9037
33.9037
26.9037
25.9037
21.9037
17.9037
14.9037
19.9037
16.9037
15.9037
13.9037
8.9037
6.9037
4.9037
-5.0963
-11.0963
-20.0963
-14.0963
-13.0963
-10.0963
-12.0963
-12.0963
-8.0963
-12.0963
-12.0963
-17.0963
-19.0963
-19.0963
-17.0963
-23.0963
-23.0963
-19.0963
-13.0963
-13.0963
-12.0963
-15.0963
-17.0963
-16.0963
-19.0963
-19.0963
-19.0963
-16.0963
-18.0963
-19.0963
-22.0963
-19.0963
-19.0963
-16.0963
-16.0963
-18.0963
-23.0963
-22.0963
-19.0963
