192.219
191.219
164.219
138.219
115.219
99.2185
81.2185
69.2185
62.2185
55.2185
56.2185
54.2185
54.2185
46.2185
40.2185
29.2185
17.2185
9.21852
3.21852
-6.78148
-9.78148
-14.7815
-19.7815
-18.7815
-24.7815
-26.7815
-33.7815
-44.7815
-42.7815
-42.7815
-43.7815
-40.7815
-44.7815
-40.7815
-32.7815
-22.7815
-20.7815
-17.7815
-21.7815
-25.7815
-26.7815
-37.7815
-37.7815
-40.7815
-42.7815
-37.7815
-41.7815
-39.7815
-41.7815
-37.7815
-41.7815
-41.7815
-49.7815
-49.7815
-53.7815
-55.7815
-58.7815
-61.7815
-71.7815
-72.7815
-74.7815
-69.7815
-68.7815
-64.7815
-63.7815
-64.7815
-61.7815
-63.7815
-59.7815
-60.7815
-54.7815
-51.7815
-59.7815
-55.7815
-51.7815
-50.7815
-49.7815
-48.7815
-52.7815
-52.7815
-57.7815
-59.7815
-60.7815
-53.7815
-56.7815
-59.7815
-63.7815
-61.7815
-63.7815
-61.7815
-62.7815
-58.7815
-55.7815
-54.7815
-49.7815
-51.7815
-57.7815
-55.7815
-56.7815
-52.7815
-47.7815
-44.7815
-33.7815
-23.7815
-9.78148
3.21852
22.2185
39.2185
68.2185
97.2185
126.219
156.219
185.219
215.219
254.219
285.219
315.219
343.219
363.219
372.219
382.219
381.219
380.219
371.219
359.219
345.219
325.219
311.219
290.219
263.219
251.219
234.219
217.219
202.219
184.219
163.219
154.219
138.219
120.219
106.219
90.2185
73.2185
59.2185
39.2185
28.2185
19.2185
11.2185
7.21852
2.21852
-3.78148
-21.7815
-21.7815
-29.7815
-30.7815
-32.7815
-32.7815
-33.7815
-32.7815
-29.7815
-32.7815
-27.7815
-33.7815
-30.7815
-31.7815
-33.7815
-26.7815
-7.78148
19.2185
52.2185
88.2185
139.219
199.219
267.219
336.219
405.219
476.219
543.219
606.219
660.219
704.219
738.219
755.219
765.219
765.219
756.219
735.219
710.219
671.219
637.219
606.219
582.219
559.219
554.219
551.219
548.219
549.219
548.219
549.219
543.219
536.219
524.219
495.219
458.219
414.219
369.219
323.219
285.219
245.219
207.219
173.219
154.219
127.219
106.219
90.2185
72.2185
52.2185
48.2185
42.2185
33.2185
22.2185
16.2185
8.21852
5.21852
1.21852
-2.78148
-7.78148
-9.78148
-13.7815
-18.7815
-17.7815
-15.7815
-15.7815
-13.7815
-22.7815
-28.7815
-31.7815
-37.7815
-38.7815
-42.7815
-49.7815
-52.7815
-53.7815
-52.7815
-50.7815
-52.7815
-51.7815
-54.7815
-48.7815
-46.7815
-45.7815
-37.7815
-30.7815
-27.7815
-26.7815
-26.7815
-25.7815
-24.7815
-22.7815
-24.7815
-28.7815
-32.7815
-35.7815
-37.7815
-41.7815
-40.7815
-36.7815
-36.7815
-39.7815
-43.7815
-43.7815
-46.7815
-47.7815
-44.7815
-37.7815
-39.7815
-39.7815
-41.7815
-41.7815
-43.7815
-46.7815
-51.7815
-41.7815
-43.7815
-41.7815
-50.7815
-46.7815
-48.7815
-52.7815
-50.7815
-49.7815
-52.7815
-53.7815
-54.7815
-58.7815
-55.7815
-59.7815
-59.7815
-58.7815
-55.7815
-54.7815
-56.7815
-61.7815
-59.7815
-59.7815
-59.7815
-61.7815
-53.7815
-55.7815
-49.7815
-44.7815
-46.7815
-42.7815
-46.7815
-45.7815
-46.7815
-44.7815
-39.7815
-40.7815
-38.7815
-50.7815
-53.7815
-54.7815
-57.7815
-57.7815
-60.7815
-61.7815
-61.7815
-60.7815
-52.7815
-53.7815
-48.7815
-43.7815
-46.7815
-43.7815
-41.7815
-45.7815
-43.7815
-43.7815
-47.7815
-52.7815
-50.7815
-53.7815
-56.7815
-58.7815
-61.7815
-62.7815
-57.7815
-60.7815
-57.7815
-52.7815
