-35.6185
-17.6185
-19.6185
-15.6185
-21.6185
-22.6185
-20.6185
-25.6185
-26.6185
-29.6185
-26.6185
-23.6185
-23.6185
-20.6185
-18.6185
-20.6185
-22.6185
-20.6185
-15.6185
-16.6185
-12.6185
-9.61852
-8.61852
-10.6185
-12.6185
-10.6185
-11.6185
-10.6185
-7.61852
-7.61852
-7.61852
-2.61852
-0.618519
-8.61852
-5.61852
-6.61852
-7.61852
-6.61852
-12.6185
-11.6185
-9.61852
-10.6185
-10.6185
-9.61852
-9.61852
-11.6185
-10.6185
-10.6185
-8.61852
-1.61852
-2.61852
-5.61852
0.381481
-6.61852
-7.61852
-5.61852
-10.6185
-2.61852
-4.61852
-3.61852
-9.61852
-8.61852
-7.61852
-6.61852
-8.61852
-7.61852
-11.6185
-14.6185
-11.6185
-13.6185
-11.6185
-10.6185
-6.61852
-11.6185
-11.6185
-14.6185
-14.6185
-10.6185
-8.61852
-8.61852
-12.6185
-11.6185
-12.6185
-11.6185
-11.6185
-15.6185
-18.6185
-15.6185
-12.6185
-10.6185
-14.6185
-12.6185
-9.61852
-3.61852
2.38148
8.38148
2.38148
1.38148
6.38148
-1.61852
-1.61852
-6.61852
-6.61852
-4.61852
1.38148
7.38148
9.38148
18.3815
30.3815
38.3815
42.3815
41.3815
43.3815
41.3815
38.3815
47.3815
40.3815
40.3815
34.3815
33.3815
29.3815
25.3815
19.3815
20.3815
16.3815
16.3815
18.3815
18.3815
22.3815
18.3815
19.3815
20.3815
9.38148
6.38148
2.38148
-2.61852
-5.61852
-8.61852
-12.6185
-8.61852
-5.61852
-6.61852
-9.61852
-9.61852
-7.61852
-13.6185
-9.61852
-15.6185
-13.6185
-16.6185
-15.6185
-14.6185
-12.6185
-9.61852
-9.61852
-2.61852
-2.61852
1.38148
2.38148
-1.61852
2.38148
4.38148
1.38148
3.38148
4.38148
11.3815
7.38148
13.3815
32.3815
47.3815
81.3815
116.381
161.381
212.381
262.381
315.381
356.381
379.381
411.381
420.381
421.381
418.381
395.381
378.381
347.381
309.381
283.381
256.381
236.381
217.381
212.381
223.381
238.381
265.381
298.381
337.381
391.381
439.381
495.381
546.381
592.381
641.381
672.381
701.381
719.381
720.381
706.381
677.381
639.381
601.381
559.381
517.381
472.381
430.381
395.381
365.381
314.381
296.381
265.381
236.381
215.381
189.381
168.381
157.381
147.381
135.381
123.381
113.381
110.381
99.3815
93.3815
88.3815
81.3815
77.3815
75.3815
68.3815
57.3815
55.3815
44.3815
43.3815
36.3815
27.3815
27.3815
15.3815
12.3815
13.3815
12.3815
10.3815
14.3815
9.38148
3.38148
1.38148
0.381481
5.38148
8.38148
16.3815
15.3815
17.3815
19.3815
22.3815
20.3815
22.3815
18.3815
15.3815
12.3815
8.38148
6.38148
5.38148
10.3815
10.3815
12.3815
12.3815
14.3815
15.3815
11.3815
11.3815
11.3815
9.38148
8.38148
8.38148
5.38148
4.38148
2.38148
4.38148
2.38148
4.38148
6.38148
6.38148
1.38148
4.38148
4.38148
4.38148
7.38148
5.38148
-2.61852
-3.61852
-7.61852
-10.6185
-11.6185
-7.61852
-12.6185
-9.61852
-14.6185
-7.61852
-8.61852
-6.61852
-5.61852
-0.618519
0.381481
7.38148
5.38148
4.38148
1.38148
-0.618519
2.38148
2.38148
14.3815
15.3815
14.3815
12.3815
7.38148
-3.61852
2.38148
-2.61852
-5.61852
-7.61852
1.38148
-7.61852
-10.6185
-10.6185
-9.61852
-3.61852
-0.618519
4.38148
6.38148
10.3815
9.38148
8.38148
10.3815
12.3815
16.3815
16.3815
13.3815
17.3815
11.3815
11.3815
5.38148
5.38148
7.38148
4.38148
