-37.9185
-13.9185
-19.9185
-12.9185
-12.9185
-16.9185
-13.9185
-14.9185
-12.9185
-10.9185
-13.9185
-7.91852
-10.9185
-9.91852
-8.91852
-9.91852
-6.91852
-11.9185
-4.91852
-7.91852
-6.91852
-5.91852
-8.91852
-5.91852
-8.91852
5.08148
-4.91852
-7.91852
-5.91852
-9.91852
-7.91852
-5.91852
-7.91852
-9.91852
-4.91852
-7.91852
-9.91852
-7.91852
-11.9185
-8.91852
-9.91852
-10.9185
-6.91852
-7.91852
-8.91852
-10.9185
-10.9185
-4.91852
-6.91852
-7.91852
-5.91852
-5.91852
-6.91852
-3.91852
-3.91852
-4.91852
-5.91852
-5.91852
-6.91852
-3.91852
-5.91852
-4.91852
-4.91852
-3.91852
-1.91852
-0.918519
-2.91852
-3.91852
-1.91852
-3.91852
-2.91852
-3.91852
0.0814815
-5.91852
-1.91852
-0.918519
-2.91852
-0.918519
0.0814815
-1.91852
1.08148
-1.91852
-1.91852
3.08148
-0.918519
-1.91852
-4.91852
-3.91852
-3.91852
-1.91852
-2.91852
-10.9185
2.08148
-0.918519
-5.91852
10.0815
4.08148
5.08148
12.0815
22.0815
34.0815
51.0815
80.0815
122.081
175.081
249.081
360.081
495.081
652.081
813.081
971.081
1109.08
1218.08
1318.08
1365.08
1391.08
1383.08
1346.08
1275.08
1185.08
1074.08
959.081
846.081
743.081
644.081
552.081
470.081
399.081
332.081
273.081
224.081
183.081
153.081
125.081
106.081
83.0815
70.0815
59.0815
51.0815
48.0815
42.0815
34.0815
22.0815
15.0815
11.0815
10.0815
9.08148
9.08148
5.08148
5.08148
7.08148
4.08148
0.0814815
3.08148
5.08148
2.08148
1.08148
2.08148
1.08148
2.08148
0.0814815
-3.91852
-4.91852
-9.91852
-6.91852
-10.9185
-5.91852
-8.91852
-7.91852
-6.91852
-9.91852
-9.91852
-8.91852
-8.91852
-8.91852
-11.9185
-7.91852
-7.91852
-7.91852
-1.91852
6.08148
12.0815
8.08148
12.0815
11.0815
10.0815
14.0815
13.0815
11.0815
11.0815
10.0815
12.0815
14.0815
18.0815
20.0815
21.0815
27.0815
33.0815
36.0815
45.0815
50.0815
47.0815
50.0815
40.0815
33.0815
31.0815
29.0815
24.0815
25.0815
28.0815
29.0815
25.0815
29.0815
27.0815
25.0815
20.0815
16.0815
6.08148
7.08148
5.08148
3.08148
0.0814815
2.08148
-3.91852
-1.91852
-0.918519
-2.91852
2.08148
4.08148
2.08148
3.08148
0.0814815
2.08148
1.08148
1.08148
-2.91852
2.08148
0.0814815
2.08148
1.08148
1.08148
3.08148
0.0814815
0.0814815
-0.918519
-5.91852
-8.91852
-9.91852
-8.91852
-6.91852
-2.91852
-1.91852
0.0814815
8.08148
3.08148
4.08148
1.08148
-1.91852
-1.91852
-6.91852
-3.91852
-3.91852
2.08148
7.08148
2.08148
1.08148
6.08148
5.08148
5.08148
3.08148
-0.918519
-0.918519
3.08148
-0.918519
1.08148
4.08148
7.08148
1.08148
2.08148
2.08148
0.0814815
-5.91852
-9.91852
-11.9185
-8.91852
-11.9185
-10.9185
-10.9185
-13.9185
-10.9185
-5.91852
-2.91852
0.0814815
0.0814815
-5.91852
-3.91852
-7.91852
-6.91852
-7.91852
-7.91852
-10.9185
-5.91852
-4.91852
-4.91852
-3.91852
-10.9185
-4.91852
2.08148
9.08148
5.08148
2.08148
2.08148
-0.918519
-3.91852
-1.91852
-5.91852
-2.91852
-2.91852
-5.91852
-3.91852
1.08148
-1.91852
4.08148
6.08148
2.08148
2.08148
2.08148
5.08148
8.08148
4.08148
-1.91852
-6.91852
-6.91852
-14.9185
-8.91852
-5.91852
-1.91852
1.08148
4.08148
0.0814815
0.0814815
-1.91852
1.08148
3.08148
2.08148
8.08148
4.08148
8.08148
3.08148
4.08148
