23105
23573
25928
26410
27638
28234
29628
30185
30516
31252
31482
33660
42177
43335
45435
51105
52884
53083
133154
133421
133477
137388
137623
140498
141450
143245
143334
144632
144966
146559
150794
152199
152244
154638
155487
156983
157735
158188
160362
160541
160915
163559
165834
168660
169567
171600
173101
173544
173655
173903
174838
176337
176481
177023
180425
180527
181099
181517
181769
183060
183335
185175
186449
186686
187116
187471
187994
189039
189186
189846
190364
191007
191823
192021
192466
194047
194156
194278
195473
195570
196683
197811
199091
199678
200724
202929
204308
206974
208103
208737
209645
209788
210672
210789
213534
215535
216490
216512
217435
217870
217934
220026
220499
223063
224637
227587
228008
228471
229615
229643
230342
231705
231902
232222
233677
235832
235897
236821
238135
238413
239812
240204
241745
242743
243153
244867
245101
245116
246331
250514
252046
252123
252777
252998
254094
254767
256522
259281
259571
260454
260721
261707
262822
263409
266990
267542
269113
272694
277129
277231
277923
277983
277985
278619
278753
279596
280089
280413
281712
282539
283006
283219
283570
283758
284652
285086
285952
286013
287158
289006
292253
292708
293331
294464
295311
295523
296740
297867
297870
298650
299041
299155
300757
301794
303608
305041
305641
305818
306606
307250
308236
308415
309079
309306
309577
309720
309729
310342
310585
311141
312181
312423
313187
313267
314534
317356
317965
318767
320008
320654
322471
322965
323847
324474
325849
326359
327613
328592
329077
330164
330486
331796
331886
332485
337712
338203
338474
338671
340998
341095
342391
342894
342985
343179
343235
343410
345618
347195
348545
349770
350912
354319
355497
356617
358408
359539
360225
361109
362293
362569
362574
362981
363071
363171
363767
363890
364699
364709
366424
367574
368220
368314
368527
368995
370088
370140
370592
371284
372385
372482
374392
374854
375541
376849
377755
378418
378510
379365
381768
384674
386668
388751
388834
389107
389255
391121
393954
394551
395481
398080
401501
402217
406588
407715
408669
409523
411298
411874
414612
417271
417274
418563
418883
418943
420290
421335
423456
423662
424209
426515
428103
429541
430970
431350
432517
432571
433434
434435
435011
435958
436524
437836
437884
438177
438721
438740
439637
440064
440197
440752
441240
441643
442546
442868
443778
444301
444935
445002
446559
446639
448596
450303
452610
453225
453404
453885
455132
456022
458196
458890
459812
460432
461535
462450
462752
464768
466330
