 0 3 0  0   65.145    10.29      120  301.075   300.24   301.91
 0 3 0  1   65.145    10.29      120  297.575   296.74   298.41
 0 3 0  2   65.145    10.29      120  294.075   293.24   294.91
 0 3 0  3   65.145    10.29      120  290.575   289.74   291.41
 0 3 0  4   65.145    10.29      120  287.075   286.24   287.91
 0 3 0  5   65.145    10.29      120  283.575   282.74   284.41
 0 3 0  6   65.145    10.29      120  280.075   279.24   280.91
 0 3 0  7   65.145    10.29      120  276.575   275.74   277.41
 0 3 0  8   65.145    10.29      120  273.075   272.24   273.91
 0 3 0  9   65.145    10.29      120  269.575   268.74   270.41
 0 3 0 10   65.145    10.29      120  266.075   265.24   266.91
 0 3 0 11   65.145    10.29      120  262.575   261.74   263.41
 0 3 0 12   65.145    10.29      120  259.075   258.24   259.91
 0 3 0 13   65.145    10.29      120  255.575   254.74   256.41
 0 3 0 14   65.145    10.29      120  252.075   251.24   252.91
 0 3 0 15   65.145    10.29      120  248.575   247.74   249.41
 0 3 0 16   65.145    10.29      120  245.075   244.24   245.91
 0 3 0 17   65.145    10.29      120  241.575   240.74   242.41
 0 3 0 18   65.145    10.29      120  238.075   237.24   238.91
 0 3 0 19   65.145    10.29      120  234.575   233.74   235.41
 0 3 0 20   65.145    10.29      120  231.075   230.24   231.91
 0 3 0 21   65.145    10.29      120  227.575   226.74   228.41
 0 3 0 22   65.145    10.29      120  224.075   223.24   224.91
 0 3 0 23   65.145    10.29      120  220.575   219.74   221.41
 0 3 0 24   65.145    10.29      120  217.075   216.24   217.91
 0 3 0 25   65.145    10.29      120  213.575   212.74   214.41
 0 3 0 26   65.145    10.29      120  210.075   209.24   210.91
 0 3 0 27   65.145    10.29      120  206.575   205.74   207.41
 0 3 0 28   65.145    10.29      120  203.075   202.24   203.91
 0 3 0 29   65.145    10.29      120  199.575   198.74   200.41
 0 3 0 30   65.145    10.29      120  196.075   195.24   196.91
 0 3 0 31   65.145    10.29      120  192.575   191.74   193.41
 0 3 1  0   65.145    10.29      120  413.075   412.24   413.91
 0 3 1  1   65.145    10.29      120  409.575   408.74   410.41
 0 3 1  2   65.145    10.29      120  406.075   405.24   406.91
 0 3 1  3   65.145    10.29      120  402.575   401.74   403.41
 0 3 1  4   65.145    10.29      120  399.075   398.24   399.91
 0 3 1  5   65.145    10.29      120  395.575   394.74   396.41
 0 3 1  6   65.145    10.29      120  392.075   391.24   392.91
 0 3 1  7   65.145    10.29      120  388.575   387.74   389.41
 0 3 1  8   65.145    10.29      120  385.075   384.24   385.91
 0 3 1  9   65.145    10.29      120  381.575   380.74   382.41
 0 3 1 10   65.145    10.29      120  378.075   377.24   378.91
 0 3 1 11   65.145    10.29      120  374.575   373.74   375.41
 0 3 1 12   65.145    10.29      120  371.075   370.24   371.91
 0 3 1 13   65.145    10.29      120  367.575   366.74   368.41
 0 3 1 14   65.145    10.29      120  364.075   363.24   364.91
 0 3 1 15   65.145    10.29      120  360.575   359.74   361.41
 0 3 1 16   65.145    10.29      120  357.075   356.24   357.91
 0 3 1 17   65.145    10.29      120  353.575   352.74   354.41
 0 3 1 18   65.145    10.29      120  350.075   349.24   350.91
 0 3 1 19   65.145    10.29      120  346.575   345.74   347.41
 0 3 1 20   65.145    10.29      120  343.075   342.24   343.91
 0 3 1 21   65.145    10.29      120  339.575   338.74   340.41
 0 3 1 22   65.145    10.29      120  336.075   335.24   336.91
 0 3 1 23   65.145    10.29      120  332.575   331.74   333.41
 0 3 1 24   65.145    10.29      120  329.075   328.24   329.91
 0 3 1 25   65.145    10.29      120  325.575   324.74   326.41
 0 3 1 26   65.145    10.29      120  322.075   321.24   322.91
 0 3 1 27   65.145    10.29      120  318.575   317.74   319.41
 0 3 1 28   65.145    10.29      120  315.075   314.24   315.91
 0 3 1 29   65.145    10.29      120  311.575   310.74   312.41
 0 3 1 30   65.145    10.29      120  308.075   307.24   308.91
 0 3 1 31   65.145    10.29      120  304.575   303.74   305.41
