 0 2 0 32  -71.137  -71.972  -70.302    303.7    191.7    415.7
 0 2 0 33  -69.423  -70.258  -68.588    303.7    191.7    415.7
 0 2 0 34  -67.709  -68.544  -66.874    303.7    191.7    415.7
 0 2 0 35  -65.995   -66.83   -65.16    303.7    191.7    415.7
 0 2 0 36  -77.993  -78.828  -77.158    303.7    191.7    415.7
 0 2 0 37  -76.279  -77.114  -75.444    303.7    191.7    415.7
 0 2 0 38  -74.565    -75.4   -73.73    303.7    191.7    415.7
 0 2 0 39  -72.851  -73.686  -72.016    303.7    191.7    415.7
 0 2 0 40  -84.849  -85.684  -84.014    303.7    191.7    415.7
 0 2 0 41  -83.135   -83.97    -82.3    303.7    191.7    415.7
 0 2 0 42  -81.421  -82.256  -80.586    303.7    191.7    415.7
 0 2 0 43  -79.707  -80.542  -78.872    303.7    191.7    415.7
 0 2 0 44  -91.705   -92.54   -90.87    303.7    191.7    415.7
 0 2 0 45  -89.991  -90.826  -89.156    303.7    191.7    415.7
 0 2 0 46  -88.277  -89.112  -87.442    303.7    191.7    415.7
 0 2 0 47  -86.563  -87.398  -85.728    303.7    191.7    415.7
 0 2 0 48  -98.561  -99.396  -97.726    303.7    191.7    415.7
 0 2 0 49  -96.847  -97.682  -96.012    303.7    191.7    415.7
 0 2 0 50  -95.133  -95.968  -94.298    303.7    191.7    415.7
 0 2 0 51  -93.419  -94.254  -92.584    303.7    191.7    415.7
 0 2 0 52 -105.417 -106.252 -104.582    303.7    191.7    415.7
 0 2 0 53 -103.703 -104.538 -102.868    303.7    191.7    415.7
 0 2 0 54 -101.989 -102.824 -101.154    303.7    191.7    415.7
 0 2 0 55 -100.275  -101.11   -99.44    303.7    191.7    415.7
 0 2 0 56 -112.273 -113.108 -111.438    303.7    191.7    415.7
 0 2 0 57 -110.559 -111.394 -109.724    303.7    191.7    415.7
 0 2 0 58 -108.845  -109.68  -108.01    303.7    191.7    415.7
 0 2 0 59 -107.131 -107.966 -106.296    303.7    191.7    415.7
 0 2 0 60 -119.129 -119.964 -118.294    303.7    191.7    415.7
 0 2 0 61 -117.415  -118.25  -116.58    303.7    191.7    415.7
 0 2 0 62 -115.701 -116.536 -114.866    303.7    191.7    415.7
 0 2 0 63 -113.987 -114.822 -113.152    303.7    191.7    415.7
 0 2 1 32  -16.289  -17.124  -15.454    303.7    191.7    415.7
 0 2 1 33  -14.575   -15.41   -13.74    303.7    191.7    415.7
 0 2 1 34  -12.861  -13.696  -12.026    303.7    191.7    415.7
 0 2 1 35  -11.147  -11.982  -10.312    303.7    191.7    415.7
 0 2 1 36  -23.145   -23.98   -22.31    303.7    191.7    415.7
 0 2 1 37  -21.431  -22.266  -20.596    303.7    191.7    415.7
 0 2 1 38  -19.717  -20.552  -18.882    303.7    191.7    415.7
 0 2 1 39  -18.003  -18.838  -17.168    303.7    191.7    415.7
 0 2 1 40  -30.001  -30.836  -29.166    303.7    191.7    415.7
 0 2 1 41  -28.287  -29.122  -27.452    303.7    191.7    415.7
 0 2 1 42  -26.573  -27.408  -25.738    303.7    191.7    415.7
 0 2 1 43  -24.859  -25.694  -24.024    303.7    191.7    415.7
 0 2 1 44  -36.857  -37.692  -36.022    303.7    191.7    415.7
 0 2 1 45  -35.143  -35.978  -34.308    303.7    191.7    415.7
 0 2 1 46  -33.429  -34.264  -32.594    303.7    191.7    415.7
 0 2 1 47  -31.715   -32.55   -30.88    303.7    191.7    415.7
 0 2 1 48  -43.713  -44.548  -42.878    303.7    191.7    415.7
 0 2 1 49  -41.999  -42.834  -41.164    303.7    191.7    415.7
 0 2 1 50  -40.285   -41.12   -39.45    303.7    191.7    415.7
 0 2 1 51  -38.571  -39.406  -37.736    303.7    191.7    415.7
 0 2 1 52  -50.569  -51.404  -49.734    303.7    191.7    415.7
 0 2 1 53  -48.855   -49.69   -48.02    303.7    191.7    415.7
 0 2 1 54  -47.141  -47.976  -46.306    303.7    191.7    415.7
 0 2 1 55  -45.427  -46.262  -44.592    303.7    191.7    415.7
 0 2 1 56  -57.425   -58.26   -56.59    303.7    191.7    415.7
 0 2 1 57  -55.711  -56.546  -54.876    303.7    191.7    415.7
 0 2 1 58  -53.997  -54.832  -53.162    303.7    191.7    415.7
 0 2 1 59  -52.283  -53.118  -51.448    303.7    191.7    415.7
 0 2 1 60  -64.281  -65.116  -63.446    303.7    191.7    415.7
 0 2 1 61  -62.567  -63.402  -61.732    303.7    191.7    415.7
 0 2 1 62  -60.853  -61.688  -60.018    303.7    191.7    415.7
 0 2 1 63  -59.139  -59.974  -58.304    303.7    191.7    415.7
