 0 3 0 32   65.995    65.16    66.83    303.7    191.7    415.7
 0 3 0 33   67.709   66.874   68.544    303.7    191.7    415.7
 0 3 0 34   69.423   68.588   70.258    303.7    191.7    415.7
 0 3 0 35   71.137   70.302   71.972    303.7    191.7    415.7
 0 3 0 36   72.851   72.016   73.686    303.7    191.7    415.7
 0 3 0 37   74.565    73.73     75.4    303.7    191.7    415.7
 0 3 0 38   76.279   75.444   77.114    303.7    191.7    415.7
 0 3 0 39   77.993   77.158   78.828    303.7    191.7    415.7
 0 3 0 40   79.707   78.872   80.542    303.7    191.7    415.7
 0 3 0 41   81.421   80.586   82.256    303.7    191.7    415.7
 0 3 0 42   83.135     82.3    83.97    303.7    191.7    415.7
 0 3 0 43   84.849   84.014   85.684    303.7    191.7    415.7
 0 3 0 44   86.563   85.728   87.398    303.7    191.7    415.7
 0 3 0 45   88.277   87.442   89.112    303.7    191.7    415.7
 0 3 0 46   89.991   89.156   90.826    303.7    191.7    415.7
 0 3 0 47   91.705    90.87    92.54    303.7    191.7    415.7
 0 3 0 48   93.419   92.584   94.254    303.7    191.7    415.7
 0 3 0 49   95.133   94.298   95.968    303.7    191.7    415.7
 0 3 0 50   96.847   96.012   97.682    303.7    191.7    415.7
 0 3 0 51   98.561   97.726   99.396    303.7    191.7    415.7
 0 3 0 52  100.275    99.44   101.11    303.7    191.7    415.7
 0 3 0 53  101.989  101.154  102.824    303.7    191.7    415.7
 0 3 0 54  103.703  102.868  104.538    303.7    191.7    415.7
 0 3 0 55  105.417  104.582  106.252    303.7    191.7    415.7
 0 3 0 56  107.131  106.296  107.966    303.7    191.7    415.7
 0 3 0 57  108.845   108.01   109.68    303.7    191.7    415.7
 0 3 0 58  110.559  109.724  111.394    303.7    191.7    415.7
 0 3 0 59  112.273  111.438  113.108    303.7    191.7    415.7
 0 3 0 60  113.987  113.152  114.822    303.7    191.7    415.7
 0 3 0 61  115.701  114.866  116.536    303.7    191.7    415.7
 0 3 0 62  117.415   116.58   118.25    303.7    191.7    415.7
 0 3 0 63  119.129  118.294  119.964    303.7    191.7    415.7
 0 3 1 32   11.147   10.312   11.982    303.7    191.7    415.7
 0 3 1 33   12.861   12.026   13.696    303.7    191.7    415.7
 0 3 1 34   14.575    13.74    15.41    303.7    191.7    415.7
 0 3 1 35   16.289   15.454   17.124    303.7    191.7    415.7
 0 3 1 36   18.003   17.168   18.838    303.7    191.7    415.7
 0 3 1 37   19.717   18.882   20.552    303.7    191.7    415.7
 0 3 1 38   21.431   20.596   22.266    303.7    191.7    415.7
 0 3 1 39   23.145    22.31    23.98    303.7    191.7    415.7
 0 3 1 40   24.859   24.024   25.694    303.7    191.7    415.7
 0 3 1 41   26.573   25.738   27.408    303.7    191.7    415.7
 0 3 1 42   28.287   27.452   29.122    303.7    191.7    415.7
 0 3 1 43   30.001   29.166   30.836    303.7    191.7    415.7
 0 3 1 44   31.715    30.88    32.55    303.7    191.7    415.7
 0 3 1 45   33.429   32.594   34.264    303.7    191.7    415.7
 0 3 1 46   35.143   34.308   35.978    303.7    191.7    415.7
 0 3 1 47   36.857   36.022   37.692    303.7    191.7    415.7
 0 3 1 48   38.571   37.736   39.406    303.7    191.7    415.7
 0 3 1 49   40.285    39.45    41.12    303.7    191.7    415.7
 0 3 1 50   41.999   41.164   42.834    303.7    191.7    415.7
 0 3 1 51   43.713   42.878   44.548    303.7    191.7    415.7
 0 3 1 52   45.427   44.592   46.262    303.7    191.7    415.7
 0 3 1 53   47.141   46.306   47.976    303.7    191.7    415.7
 0 3 1 54   48.855    48.02    49.69    303.7    191.7    415.7
 0 3 1 55   50.569   49.734   51.404    303.7    191.7    415.7
 0 3 1 56   52.283   51.448   53.118    303.7    191.7    415.7
 0 3 1 57   53.997   53.162   54.832    303.7    191.7    415.7
 0 3 1 58   55.711   54.876   56.546    303.7    191.7    415.7
 0 3 1 59   57.425    56.59    58.26    303.7    191.7    415.7
 0 3 1 60   59.139   58.304   59.974    303.7    191.7    415.7
 0 3 1 61   60.853   60.018   61.688    303.7    191.7    415.7
 0 3 1 62   62.567   61.732   63.402    303.7    191.7    415.7
 0 3 1 63   64.281   63.446   65.116    303.7    191.7    415.7
