 0 0 3  0   -5.145   -6.855   -3.435  414.825   413.99   415.66
 0 0 3  1   -1.715   -3.425   -0.005  414.825   413.99   415.66
 0 0 3  2    1.715    0.005    3.425  414.825   413.99   415.66
 0 0 3  3    5.145    3.435    6.855  414.825   413.99   415.66
 0 0 3  4   -5.145   -6.855   -3.435  413.075   412.24   413.91
 0 0 3  5   -1.715   -3.425   -0.005  413.075   412.24   413.91
 0 0 3  6    1.715    0.005    3.425  413.075   412.24   413.91
 0 0 3  7    5.145    3.435    6.855  413.075   412.24   413.91
 0 0 3  8   -5.145   -6.855   -3.435  411.325   410.49   412.16
 0 0 3  9   -1.715   -3.425   -0.005  411.325   410.49   412.16
 0 0 3 10    1.715    0.005    3.425  411.325   410.49   412.16
 0 0 3 11    5.145    3.435    6.855  411.325   410.49   412.16
 0 0 3 12   -5.145   -6.855   -3.435  409.575   408.74   410.41
 0 0 3 13   -1.715   -3.425   -0.005  409.575   408.74   410.41
 0 0 3 14    1.715    0.005    3.425  409.575   408.74   410.41
 0 0 3 15    5.145    3.435    6.855  409.575   408.74   410.41
 0 0 3 16   -5.145   -6.855   -3.435  407.825   406.99   408.66
 0 0 3 17   -1.715   -3.425   -0.005  407.825   406.99   408.66
 0 0 3 18    1.715    0.005    3.425  407.825   406.99   408.66
 0 0 3 19    5.145    3.435    6.855  407.825   406.99   408.66
 0 0 3 20   -5.145   -6.855   -3.435  406.075   405.24   406.91
 0 0 3 21   -1.715   -3.425   -0.005  406.075   405.24   406.91
 0 0 3 22    1.715    0.005    3.425  406.075   405.24   406.91
 0 0 3 23    5.145    3.435    6.855  406.075   405.24   406.91
 0 0 3 24   -5.145   -6.855   -3.435  404.325   403.49   405.16
 0 0 3 25   -1.715   -3.425   -0.005  404.325   403.49   405.16
 0 0 3 26    1.715    0.005    3.425  404.325   403.49   405.16
 0 0 3 27    5.145    3.435    6.855  404.325   403.49   405.16
 0 0 3 28   -5.145   -6.855   -3.435  402.575   401.74   403.41
 0 0 3 29   -1.715   -3.425   -0.005  402.575   401.74   403.41
 0 0 3 30    1.715    0.005    3.425  402.575   401.74   403.41
 0 0 3 31    5.145    3.435    6.855  402.575   401.74   403.41
 0 0 3 32   -5.145   -6.855   -3.435  400.825   399.99   401.66
 0 0 3 33   -1.715   -3.425   -0.005  400.825   399.99   401.66
 0 0 3 34    1.715    0.005    3.425  400.825   399.99   401.66
 0 0 3 35    5.145    3.435    6.855  400.825   399.99   401.66
 0 0 3 36   -5.145   -6.855   -3.435  399.075   398.24   399.91
 0 0 3 37   -1.715   -3.425   -0.005  399.075   398.24   399.91
 0 0 3 38    1.715    0.005    3.425  399.075   398.24   399.91
 0 0 3 39    5.145    3.435    6.855  399.075   398.24   399.91
 0 0 3 40   -5.145   -6.855   -3.435  397.325   396.49   398.16
 0 0 3 41   -1.715   -3.425   -0.005  397.325   396.49   398.16
 0 0 3 42    1.715    0.005    3.425  397.325   396.49   398.16
 0 0 3 43    5.145    3.435    6.855  397.325   396.49   398.16
 0 0 3 44   -5.145   -6.855   -3.435  395.575   394.74   396.41
 0 0 3 45   -1.715   -3.425   -0.005  395.575   394.74   396.41
 0 0 3 46    1.715    0.005    3.425  395.575   394.74   396.41
 0 0 3 47    5.145    3.435    6.855  395.575   394.74   396.41
 0 0 3 48   -5.145   -6.855   -3.435  393.825   392.99   394.66
 0 0 3 49   -1.715   -3.425   -0.005  393.825   392.99   394.66
 0 0 3 50    1.715    0.005    3.425  393.825   392.99   394.66
 0 0 3 51    5.145    3.435    6.855  393.825   392.99   394.66
 0 0 3 52   -5.145   -6.855   -3.435  392.075   391.24   392.91
 0 0 3 53   -1.715   -3.425   -0.005  392.075   391.24   392.91
 0 0 3 54    1.715    0.005    3.425  392.075   391.24   392.91
 0 0 3 55    5.145    3.435    6.855  392.075   391.24   392.91
 0 0 3 56   -5.145   -6.855   -3.435  390.325   389.49   391.16
 0 0 3 57   -1.715   -3.425   -0.005  390.325   389.49   391.16
 0 0 3 58    1.715    0.005    3.425  390.325   389.49   391.16
 0 0 3 59    5.145    3.435    6.855  390.325   389.49   391.16
 0 0 3 60   -5.145   -6.855   -3.435  388.575   387.74   389.41
 0 0 3 61   -1.715   -3.425   -0.005  388.575   387.74   389.41
 0 0 3 62    1.715    0.005    3.425  388.575   387.74   389.41
 0 0 3 63    5.145    3.435    6.855  388.575   387.74   389.41
 0 2 3  0   -8.575  -10.285   -6.865  414.825   413.99   415.66
 0 2 3  1   -8.575  -10.285   -6.865  413.075   412.24   413.91
 0 2 3  2   -8.575  -10.285   -6.865  411.325   410.49   412.16
 0 2 3  3   -8.575  -10.285   -6.865  409.575   408.74   410.41
 0 2 3  4   -8.575  -10.285   -6.865  407.825   406.99   408.66
 0 2 3  5   -8.575  -10.285   -6.865  406.075   405.24   406.91
 0 2 3  6   -8.575  -10.285   -6.865  404.325   403.49   405.16
 0 2 3  7   -8.575  -10.285   -6.865  402.575   401.74   403.41
 0 2 3  8   -8.575  -10.285   -6.865  400.825   399.99   401.66
 0 2 3  9   -8.575  -10.285   -6.865  399.075   398.24   399.91
 0 2 3 10   -8.575  -10.285   -6.865  397.325   396.49   398.16
 0 2 3 11   -8.575  -10.285   -6.865  395.575   394.74   396.41
 0 2 3 12   -8.575  -10.285   -6.865  393.825   392.99   394.66
 0 2 3 13   -8.575  -10.285   -6.865  392.075   391.24   392.91
 0 2 3 14   -8.575  -10.285   -6.865  390.325   389.49   391.16
 0 2 3 15   -8.575  -10.285   -6.865  388.575   387.74   389.41
 0 3 3  0    8.575    6.865   10.285  414.825   413.99   415.66
 0 3 3  1    8.575    6.865   10.285  413.075   412.24   413.91
 0 3 3  2    8.575    6.865   10.285  411.325   410.49   412.16
 0 3 3  3    8.575    6.865   10.285  409.575   408.74   410.41
 0 3 3  4    8.575    6.865   10.285  407.825   406.99   408.66
 0 3 3  5    8.575    6.865   10.285  406.075   405.24   406.91
 0 3 3  6    8.575    6.865   10.285  404.325   403.49   405.16
 0 3 3  7    8.575    6.865   10.285  402.575   401.74   403.41
 0 3 3  8    8.575    6.865   10.285  400.825   399.99   401.66
 0 3 3  9    8.575    6.865   10.285  399.075   398.24   399.91
 0 3 3 10    8.575    6.865   10.285  397.325   396.49   398.16
 0 3 3 11    8.575    6.865   10.285  395.575   394.74   396.41
 0 3 3 12    8.575    6.865   10.285  393.825   392.99   394.66
 0 3 3 13    8.575    6.865   10.285  392.075   391.24   392.91
 0 3 3 14    8.575    6.865   10.285  390.325   389.49   391.16
 0 3 3 15    8.575    6.865   10.285  388.575   387.74   389.41
