 0 0 0  0    5.145    3.435    6.855  246.825   245.99   247.66
 0 0 0  1    1.715    0.005    3.425  246.825   245.99   247.66
 0 0 0  2   -1.715   -3.425   -0.005  246.825   245.99   247.66
 0 0 0  3   -5.145   -6.855   -3.435  246.825   245.99   247.66
 0 0 0  4    5.145    3.435    6.855  245.075   244.24   245.91
 0 0 0  5    1.715    0.005    3.425  245.075   244.24   245.91
 0 0 0  6   -1.715   -3.425   -0.005  245.075   244.24   245.91
 0 0 0  7   -5.145   -6.855   -3.435  245.075   244.24   245.91
 0 0 0  8    5.145    3.435    6.855  243.325   242.49   244.16
 0 0 0  9    1.715    0.005    3.425  243.325   242.49   244.16
 0 0 0 10   -1.715   -3.425   -0.005  243.325   242.49   244.16
 0 0 0 11   -5.145   -6.855   -3.435  243.325   242.49   244.16
 0 0 0 12    5.145    3.435    6.855  241.575   240.74   242.41
 0 0 0 13    1.715    0.005    3.425  241.575   240.74   242.41
 0 0 0 14   -1.715   -3.425   -0.005  241.575   240.74   242.41
 0 0 0 15   -5.145   -6.855   -3.435  241.575   240.74   242.41
 0 0 0 16    5.145    3.435    6.855  239.825   238.99   240.66
 0 0 0 17    1.715    0.005    3.425  239.825   238.99   240.66
 0 0 0 18   -1.715   -3.425   -0.005  239.825   238.99   240.66
 0 0 0 19   -5.145   -6.855   -3.435  239.825   238.99   240.66
 0 0 0 20    5.145    3.435    6.855  238.075   237.24   238.91
 0 0 0 21    1.715    0.005    3.425  238.075   237.24   238.91
 0 0 0 22   -1.715   -3.425   -0.005  238.075   237.24   238.91
 0 0 0 23   -5.145   -6.855   -3.435  238.075   237.24   238.91
 0 0 0 24    5.145    3.435    6.855  236.325   235.49   237.16
 0 0 0 25    1.715    0.005    3.425  236.325   235.49   237.16
 0 0 0 26   -1.715   -3.425   -0.005  236.325   235.49   237.16
 0 0 0 27   -5.145   -6.855   -3.435  236.325   235.49   237.16
 0 0 0 28    5.145    3.435    6.855  234.575   233.74   235.41
 0 0 0 29    1.715    0.005    3.425  234.575   233.74   235.41
 0 0 0 30   -1.715   -3.425   -0.005  234.575   233.74   235.41
 0 0 0 31   -5.145   -6.855   -3.435  234.575   233.74   235.41
 0 0 0 32    5.145    3.435    6.855  232.825   231.99   233.66
 0 0 0 33    1.715    0.005    3.425  232.825   231.99   233.66
 0 0 0 34   -1.715   -3.425   -0.005  232.825   231.99   233.66
 0 0 0 35   -5.145   -6.855   -3.435  232.825   231.99   233.66
 0 0 0 36    5.145    3.435    6.855  231.075   230.24   231.91
 0 0 0 37    1.715    0.005    3.425  231.075   230.24   231.91
 0 0 0 38   -1.715   -3.425   -0.005  231.075   230.24   231.91
 0 0 0 39   -5.145   -6.855   -3.435  231.075   230.24   231.91
 0 0 0 40    5.145    3.435    6.855  229.325   228.49   230.16
 0 0 0 41    1.715    0.005    3.425  229.325   228.49   230.16
 0 0 0 42   -1.715   -3.425   -0.005  229.325   228.49   230.16
 0 0 0 43   -5.145   -6.855   -3.435  229.325   228.49   230.16
 0 0 0 44    5.145    3.435    6.855  227.575   226.74   228.41
 0 0 0 45    1.715    0.005    3.425  227.575   226.74   228.41
 0 0 0 46   -1.715   -3.425   -0.005  227.575   226.74   228.41
 0 0 0 47   -5.145   -6.855   -3.435  227.575   226.74   228.41
 0 0 0 48    5.145    3.435    6.855  225.825   224.99   226.66
 0 0 0 49    1.715    0.005    3.425  225.825   224.99   226.66
 0 0 0 50   -1.715   -3.425   -0.005  225.825   224.99   226.66
 0 0 0 51   -5.145   -6.855   -3.435  225.825   224.99   226.66
 0 0 0 52    5.145    3.435    6.855  224.075   223.24   224.91
 0 0 0 53    1.715    0.005    3.425  224.075   223.24   224.91
 0 0 0 54   -1.715   -3.425   -0.005  224.075   223.24   224.91
 0 0 0 55   -5.145   -6.855   -3.435  224.075   223.24   224.91
 0 0 0 56    5.145    3.435    6.855  222.325   221.49   223.16
 0 0 0 57    1.715    0.005    3.425  222.325   221.49   223.16
 0 0 0 58   -1.715   -3.425   -0.005  222.325   221.49   223.16
 0 0 0 59   -5.145   -6.855   -3.435  222.325   221.49   223.16
 0 0 0 60    5.145    3.435    6.855  220.575   219.74   221.41
 0 0 0 61    1.715    0.005    3.425  220.575   219.74   221.41
 0 0 0 62   -1.715   -3.425   -0.005  220.575   219.74   221.41
 0 0 0 63   -5.145   -6.855   -3.435  220.575   219.74   221.41
 0 0 1  0    5.145    3.435    6.855  302.825   301.99   303.66
 0 0 1  1    1.715    0.005    3.425  302.825   301.99   303.66
 0 0 1  2   -1.715   -3.425   -0.005  302.825   301.99   303.66
 0 0 1  3   -5.145   -6.855   -3.435  302.825   301.99   303.66
 0 0 1  4    5.145    3.435    6.855  301.075   300.24   301.91
 0 0 1  5    1.715    0.005    3.425  301.075   300.24   301.91
 0 0 1  6   -1.715   -3.425   -0.005  301.075   300.24   301.91
 0 0 1  7   -5.145   -6.855   -3.435  301.075   300.24   301.91
 0 0 1  8    5.145    3.435    6.855  299.325   298.49   300.16
 0 0 1  9    1.715    0.005    3.425  299.325   298.49   300.16
 0 0 1 10   -1.715   -3.425   -0.005  299.325   298.49   300.16
 0 0 1 11   -5.145   -6.855   -3.435  299.325   298.49   300.16
 0 0 1 12    5.145    3.435    6.855  297.575   296.74   298.41
 0 0 1 13    1.715    0.005    3.425  297.575   296.74   298.41
 0 0 1 14   -1.715   -3.425   -0.005  297.575   296.74   298.41
 0 0 1 15   -5.145   -6.855   -3.435  297.575   296.74   298.41
 0 0 1 16    5.145    3.435    6.855  295.825   294.99   296.66
 0 0 1 17    1.715    0.005    3.425  295.825   294.99   296.66
 0 0 1 18   -1.715   -3.425   -0.005  295.825   294.99   296.66
 0 0 1 19   -5.145   -6.855   -3.435  295.825   294.99   296.66
 0 0 1 20    5.145    3.435    6.855  294.075   293.24   294.91
 0 0 1 21    1.715    0.005    3.425  294.075   293.24   294.91
 0 0 1 22   -1.715   -3.425   -0.005  294.075   293.24   294.91
 0 0 1 23   -5.145   -6.855   -3.435  294.075   293.24   294.91
 0 0 1 24    5.145    3.435    6.855  292.325   291.49   293.16
 0 0 1 25    1.715    0.005    3.425  292.325   291.49   293.16
 0 0 1 26   -1.715   -3.425   -0.005  292.325   291.49   293.16
 0 0 1 27   -5.145   -6.855   -3.435  292.325   291.49   293.16
 0 0 1 28    5.145    3.435    6.855  290.575   289.74   291.41
 0 0 1 29    1.715    0.005    3.425  290.575   289.74   291.41
 0 0 1 30   -1.715   -3.425   -0.005  290.575   289.74   291.41
 0 0 1 31   -5.145   -6.855   -3.435  290.575   289.74   291.41
 0 0 1 32    5.145    3.435    6.855  288.825   287.99   289.66
 0 0 1 33    1.715    0.005    3.425  288.825   287.99   289.66
 0 0 1 34   -1.715   -3.425   -0.005  288.825   287.99   289.66
 0 0 1 35   -5.145   -6.855   -3.435  288.825   287.99   289.66
 0 0 1 36    5.145    3.435    6.855  287.075   286.24   287.91
 0 0 1 37    1.715    0.005    3.425  287.075   286.24   287.91
 0 0 1 38   -1.715   -3.425   -0.005  287.075   286.24   287.91
 0 0 1 39   -5.145   -6.855   -3.435  287.075   286.24   287.91
 0 0 1 40    5.145    3.435    6.855  285.325   284.49   286.16
 0 0 1 41    1.715    0.005    3.425  285.325   284.49   286.16
 0 0 1 42   -1.715   -3.425   -0.005  285.325   284.49   286.16
 0 0 1 43   -5.145   -6.855   -3.435  285.325   284.49   286.16
 0 0 1 44    5.145    3.435    6.855  283.575   282.74   284.41
 0 0 1 45    1.715    0.005    3.425  283.575   282.74   284.41
 0 0 1 46   -1.715   -3.425   -0.005  283.575   282.74   284.41
 0 0 1 47   -5.145   -6.855   -3.435  283.575   282.74   284.41
 0 0 1 48    5.145    3.435    6.855  281.825   280.99   282.66
 0 0 1 49    1.715    0.005    3.425  281.825   280.99   282.66
 0 0 1 50   -1.715   -3.425   -0.005  281.825   280.99   282.66
 0 0 1 51   -5.145   -6.855   -3.435  281.825   280.99   282.66
 0 0 1 52    5.145    3.435    6.855  280.075   279.24   280.91
 0 0 1 53    1.715    0.005    3.425  280.075   279.24   280.91
 0 0 1 54   -1.715   -3.425   -0.005  280.075   279.24   280.91
 0 0 1 55   -5.145   -6.855   -3.435  280.075   279.24   280.91
 0 0 1 56    5.145    3.435    6.855  278.325   277.49   279.16
 0 0 1 57    1.715    0.005    3.425  278.325   277.49   279.16
 0 0 1 58   -1.715   -3.425   -0.005  278.325   277.49   279.16
 0 0 1 59   -5.145   -6.855   -3.435  278.325   277.49   279.16
 0 0 1 60    5.145    3.435    6.855  276.575   275.74   277.41
 0 0 1 61    1.715    0.005    3.425  276.575   275.74   277.41
 0 0 1 62   -1.715   -3.425   -0.005  276.575   275.74   277.41
 0 0 1 63   -5.145   -6.855   -3.435  276.575   275.74   277.41
 0 0 2  0   -5.145   -6.855   -3.435  358.825   357.99   359.66
 0 0 2  1   -1.715   -3.425   -0.005  358.825   357.99   359.66
 0 0 2  2    1.715    0.005    3.425  358.825   357.99   359.66
 0 0 2  3    5.145    3.435    6.855  358.825   357.99   359.66
 0 0 2  4   -5.145   -6.855   -3.435  357.075   356.24   357.91
 0 0 2  5   -1.715   -3.425   -0.005  357.075   356.24   357.91
 0 0 2  6    1.715    0.005    3.425  357.075   356.24   357.91
 0 0 2  7    5.145    3.435    6.855  357.075   356.24   357.91
 0 0 2  8   -5.145   -6.855   -3.435  355.325   354.49   356.16
 0 0 2  9   -1.715   -3.425   -0.005  355.325   354.49   356.16
 0 0 2 10    1.715    0.005    3.425  355.325   354.49   356.16
 0 0 2 11    5.145    3.435    6.855  355.325   354.49   356.16
 0 0 2 12   -5.145   -6.855   -3.435  353.575   352.74   354.41
 0 0 2 13   -1.715   -3.425   -0.005  353.575   352.74   354.41
 0 0 2 14    1.715    0.005    3.425  353.575   352.74   354.41
 0 0 2 15    5.145    3.435    6.855  353.575   352.74   354.41
 0 0 2 16   -5.145   -6.855   -3.435  351.825   350.99   352.66
 0 0 2 17   -1.715   -3.425   -0.005  351.825   350.99   352.66
 0 0 2 18    1.715    0.005    3.425  351.825   350.99   352.66
 0 0 2 19    5.145    3.435    6.855  351.825   350.99   352.66
 0 0 2 20   -5.145   -6.855   -3.435  350.075   349.24   350.91
 0 0 2 21   -1.715   -3.425   -0.005  350.075   349.24   350.91
 0 0 2 22    1.715    0.005    3.425  350.075   349.24   350.91
 0 0 2 23    5.145    3.435    6.855  350.075   349.24   350.91
 0 0 2 24   -5.145   -6.855   -3.435  348.325   347.49   349.16
 0 0 2 25   -1.715   -3.425   -0.005  348.325   347.49   349.16
 0 0 2 26    1.715    0.005    3.425  348.325   347.49   349.16
 0 0 2 27    5.145    3.435    6.855  348.325   347.49   349.16
 0 0 2 28   -5.145   -6.855   -3.435  346.575   345.74   347.41
 0 0 2 29   -1.715   -3.425   -0.005  346.575   345.74   347.41
 0 0 2 30    1.715    0.005    3.425  346.575   345.74   347.41
 0 0 2 31    5.145    3.435    6.855  346.575   345.74   347.41
 0 0 2 32   -5.145   -6.855   -3.435  344.825   343.99   345.66
 0 0 2 33   -1.715   -3.425   -0.005  344.825   343.99   345.66
 0 0 2 34    1.715    0.005    3.425  344.825   343.99   345.66
 0 0 2 35    5.145    3.435    6.855  344.825   343.99   345.66
 0 0 2 36   -5.145   -6.855   -3.435  343.075   342.24   343.91
 0 0 2 37   -1.715   -3.425   -0.005  343.075   342.24   343.91
 0 0 2 38    1.715    0.005    3.425  343.075   342.24   343.91
 0 0 2 39    5.145    3.435    6.855  343.075   342.24   343.91
 0 0 2 40   -5.145   -6.855   -3.435  341.325   340.49   342.16
 0 0 2 41   -1.715   -3.425   -0.005  341.325   340.49   342.16
 0 0 2 42    1.715    0.005    3.425  341.325   340.49   342.16
 0 0 2 43    5.145    3.435    6.855  341.325   340.49   342.16
 0 0 2 44   -5.145   -6.855   -3.435  339.575   338.74   340.41
 0 0 2 45   -1.715   -3.425   -0.005  339.575   338.74   340.41
 0 0 2 46    1.715    0.005    3.425  339.575   338.74   340.41
 0 0 2 47    5.145    3.435    6.855  339.575   338.74   340.41
 0 0 2 48   -5.145   -6.855   -3.435  337.825   336.99   338.66
 0 0 2 49   -1.715   -3.425   -0.005  337.825   336.99   338.66
 0 0 2 50    1.715    0.005    3.425  337.825   336.99   338.66
 0 0 2 51    5.145    3.435    6.855  337.825   336.99   338.66
 0 0 2 52   -5.145   -6.855   -3.435  336.075   335.24   336.91
 0 0 2 53   -1.715   -3.425   -0.005  336.075   335.24   336.91
 0 0 2 54    1.715    0.005    3.425  336.075   335.24   336.91
 0 0 2 55    5.145    3.435    6.855  336.075   335.24   336.91
 0 0 2 56   -5.145   -6.855   -3.435  334.325   333.49   335.16
 0 0 2 57   -1.715   -3.425   -0.005  334.325   333.49   335.16
 0 0 2 58    1.715    0.005    3.425  334.325   333.49   335.16
 0 0 2 59    5.145    3.435    6.855  334.325   333.49   335.16
 0 0 2 60   -5.145   -6.855   -3.435  332.575   331.74   333.41
 0 0 2 61   -1.715   -3.425   -0.005  332.575   331.74   333.41
 0 0 2 62    1.715    0.005    3.425  332.575   331.74   333.41
 0 0 2 63    5.145    3.435    6.855  332.575   331.74   333.41
 0 0 3  0   -5.145   -6.855   -3.435  414.825   413.99   415.66
 0 0 3  1   -1.715   -3.425   -0.005  414.825   413.99   415.66
 0 0 3  2    1.715    0.005    3.425  414.825   413.99   415.66
 0 0 3  3    5.145    3.435    6.855  414.825   413.99   415.66
 0 0 3  4   -5.145   -6.855   -3.435  413.075   412.24   413.91
 0 0 3  5   -1.715   -3.425   -0.005  413.075   412.24   413.91
 0 0 3  6    1.715    0.005    3.425  413.075   412.24   413.91
 0 0 3  7    5.145    3.435    6.855  413.075   412.24   413.91
 0 0 3  8   -5.145   -6.855   -3.435  411.325   410.49   412.16
 0 0 3  9   -1.715   -3.425   -0.005  411.325   410.49   412.16
 0 0 3 10    1.715    0.005    3.425  411.325   410.49   412.16
 0 0 3 11    5.145    3.435    6.855  411.325   410.49   412.16
 0 0 3 12   -5.145   -6.855   -3.435  409.575   408.74   410.41
 0 0 3 13   -1.715   -3.425   -0.005  409.575   408.74   410.41
 0 0 3 14    1.715    0.005    3.425  409.575   408.74   410.41
 0 0 3 15    5.145    3.435    6.855  409.575   408.74   410.41
 0 0 3 16   -5.145   -6.855   -3.435  407.825   406.99   408.66
 0 0 3 17   -1.715   -3.425   -0.005  407.825   406.99   408.66
 0 0 3 18    1.715    0.005    3.425  407.825   406.99   408.66
 0 0 3 19    5.145    3.435    6.855  407.825   406.99   408.66
 0 0 3 20   -5.145   -6.855   -3.435  406.075   405.24   406.91
 0 0 3 21   -1.715   -3.425   -0.005  406.075   405.24   406.91
 0 0 3 22    1.715    0.005    3.425  406.075   405.24   406.91
 0 0 3 23    5.145    3.435    6.855  406.075   405.24   406.91
 0 0 3 24   -5.145   -6.855   -3.435  404.325   403.49   405.16
 0 0 3 25   -1.715   -3.425   -0.005  404.325   403.49   405.16
 0 0 3 26    1.715    0.005    3.425  404.325   403.49   405.16
 0 0 3 27    5.145    3.435    6.855  404.325   403.49   405.16
 0 0 3 28   -5.145   -6.855   -3.435  402.575   401.74   403.41
 0 0 3 29   -1.715   -3.425   -0.005  402.575   401.74   403.41
 0 0 3 30    1.715    0.005    3.425  402.575   401.74   403.41
 0 0 3 31    5.145    3.435    6.855  402.575   401.74   403.41
 0 0 3 32   -5.145   -6.855   -3.435  400.825   399.99   401.66
 0 0 3 33   -1.715   -3.425   -0.005  400.825   399.99   401.66
 0 0 3 34    1.715    0.005    3.425  400.825   399.99   401.66
 0 0 3 35    5.145    3.435    6.855  400.825   399.99   401.66
 0 0 3 36   -5.145   -6.855   -3.435  399.075   398.24   399.91
 0 0 3 37   -1.715   -3.425   -0.005  399.075   398.24   399.91
 0 0 3 38    1.715    0.005    3.425  399.075   398.24   399.91
 0 0 3 39    5.145    3.435    6.855  399.075   398.24   399.91
 0 0 3 40   -5.145   -6.855   -3.435  397.325   396.49   398.16
 0 0 3 41   -1.715   -3.425   -0.005  397.325   396.49   398.16
 0 0 3 42    1.715    0.005    3.425  397.325   396.49   398.16
 0 0 3 43    5.145    3.435    6.855  397.325   396.49   398.16
 0 0 3 44   -5.145   -6.855   -3.435  395.575   394.74   396.41
 0 0 3 45   -1.715   -3.425   -0.005  395.575   394.74   396.41
 0 0 3 46    1.715    0.005    3.425  395.575   394.74   396.41
 0 0 3 47    5.145    3.435    6.855  395.575   394.74   396.41
 0 0 3 48   -5.145   -6.855   -3.435  393.825   392.99   394.66
 0 0 3 49   -1.715   -3.425   -0.005  393.825   392.99   394.66
 0 0 3 50    1.715    0.005    3.425  393.825   392.99   394.66
 0 0 3 51    5.145    3.435    6.855  393.825   392.99   394.66
 0 0 3 52   -5.145   -6.855   -3.435  392.075   391.24   392.91
 0 0 3 53   -1.715   -3.425   -0.005  392.075   391.24   392.91
 0 0 3 54    1.715    0.005    3.425  392.075   391.24   392.91
 0 0 3 55    5.145    3.435    6.855  392.075   391.24   392.91
 0 0 3 56   -5.145   -6.855   -3.435  390.325   389.49   391.16
 0 0 3 57   -1.715   -3.425   -0.005  390.325   389.49   391.16
 0 0 3 58    1.715    0.005    3.425  390.325   389.49   391.16
 0 0 3 59    5.145    3.435    6.855  390.325   389.49   391.16
 0 0 3 60   -5.145   -6.855   -3.435  388.575   387.74   389.41
 0 0 3 61   -1.715   -3.425   -0.005  388.575   387.74   389.41
 0 0 3 62    1.715    0.005    3.425  388.575   387.74   389.41
 0 0 3 63    5.145    3.435    6.855  388.575   387.74   389.41
 0 1 0  0   -5.145   -6.855   -3.435  218.825   217.99   219.66
 0 1 0  1   -1.715   -3.425   -0.005  218.825   217.99   219.66
 0 1 0  2    1.715    0.005    3.425  218.825   217.99   219.66
 0 1 0  3    5.145    3.435    6.855  218.825   217.99   219.66
 0 1 0  4   -5.145   -6.855   -3.435  217.075   216.24   217.91
 0 1 0  5   -1.715   -3.425   -0.005  217.075   216.24   217.91
 0 1 0  6    1.715    0.005    3.425  217.075   216.24   217.91
 0 1 0  7    5.145    3.435    6.855  217.075   216.24   217.91
 0 1 0  8   -5.145   -6.855   -3.435  215.325   214.49   216.16
 0 1 0  9   -1.715   -3.425   -0.005  215.325   214.49   216.16
 0 1 0 10    1.715    0.005    3.425  215.325   214.49   216.16
 0 1 0 11    5.145    3.435    6.855  215.325   214.49   216.16
 0 1 0 12   -5.145   -6.855   -3.435  213.575   212.74   214.41
 0 1 0 13   -1.715   -3.425   -0.005  213.575   212.74   214.41
 0 1 0 14    1.715    0.005    3.425  213.575   212.74   214.41
 0 1 0 15    5.145    3.435    6.855  213.575   212.74   214.41
 0 1 0 16   -5.145   -6.855   -3.435  211.825   210.99   212.66
 0 1 0 17   -1.715   -3.425   -0.005  211.825   210.99   212.66
 0 1 0 18    1.715    0.005    3.425  211.825   210.99   212.66
 0 1 0 19    5.145    3.435    6.855  211.825   210.99   212.66
 0 1 0 20   -5.145   -6.855   -3.435  210.075   209.24   210.91
 0 1 0 21   -1.715   -3.425   -0.005  210.075   209.24   210.91
 0 1 0 22    1.715    0.005    3.425  210.075   209.24   210.91
 0 1 0 23    5.145    3.435    6.855  210.075   209.24   210.91
 0 1 0 24   -5.145   -6.855   -3.435  208.325   207.49   209.16
 0 1 0 25   -1.715   -3.425   -0.005  208.325   207.49   209.16
 0 1 0 26    1.715    0.005    3.425  208.325   207.49   209.16
 0 1 0 27    5.145    3.435    6.855  208.325   207.49   209.16
 0 1 0 28   -5.145   -6.855   -3.435  206.575   205.74   207.41
 0 1 0 29   -1.715   -3.425   -0.005  206.575   205.74   207.41
 0 1 0 30    1.715    0.005    3.425  206.575   205.74   207.41
 0 1 0 31    5.145    3.435    6.855  206.575   205.74   207.41
 0 1 0 32   -5.145   -6.855   -3.435  204.825   203.99   205.66
 0 1 0 33   -1.715   -3.425   -0.005  204.825   203.99   205.66
 0 1 0 34    1.715    0.005    3.425  204.825   203.99   205.66
 0 1 0 35    5.145    3.435    6.855  204.825   203.99   205.66
 0 1 0 36   -5.145   -6.855   -3.435  203.075   202.24   203.91
 0 1 0 37   -1.715   -3.425   -0.005  203.075   202.24   203.91
 0 1 0 38    1.715    0.005    3.425  203.075   202.24   203.91
 0 1 0 39    5.145    3.435    6.855  203.075   202.24   203.91
 0 1 0 40   -5.145   -6.855   -3.435  201.325   200.49   202.16
 0 1 0 41   -1.715   -3.425   -0.005  201.325   200.49   202.16
 0 1 0 42    1.715    0.005    3.425  201.325   200.49   202.16
 0 1 0 43    5.145    3.435    6.855  201.325   200.49   202.16
 0 1 0 44   -5.145   -6.855   -3.435  199.575   198.74   200.41
 0 1 0 45   -1.715   -3.425   -0.005  199.575   198.74   200.41
 0 1 0 46    1.715    0.005    3.425  199.575   198.74   200.41
 0 1 0 47    5.145    3.435    6.855  199.575   198.74   200.41
 0 1 0 48   -5.145   -6.855   -3.435  197.825   196.99   198.66
 0 1 0 49   -1.715   -3.425   -0.005  197.825   196.99   198.66
 0 1 0 50    1.715    0.005    3.425  197.825   196.99   198.66
 0 1 0 51    5.145    3.435    6.855  197.825   196.99   198.66
 0 1 0 52   -5.145   -6.855   -3.435  196.075   195.24   196.91
 0 1 0 53   -1.715   -3.425   -0.005  196.075   195.24   196.91
 0 1 0 54    1.715    0.005    3.425  196.075   195.24   196.91
 0 1 0 55    5.145    3.435    6.855  196.075   195.24   196.91
 0 1 0 56   -5.145   -6.855   -3.435  194.325   193.49   195.16
 0 1 0 57   -1.715   -3.425   -0.005  194.325   193.49   195.16
 0 1 0 58    1.715    0.005    3.425  194.325   193.49   195.16
 0 1 0 59    5.145    3.435    6.855  194.325   193.49   195.16
 0 1 0 60   -5.145   -6.855   -3.435  192.575   191.74   193.41
 0 1 0 61   -1.715   -3.425   -0.005  192.575   191.74   193.41
 0 1 0 62    1.715    0.005    3.425  192.575   191.74   193.41
 0 1 0 63    5.145    3.435    6.855  192.575   191.74   193.41
 0 1 1  0   -5.145   -6.855   -3.435  274.825   273.99   275.66
 0 1 1  1   -1.715   -3.425   -0.005  274.825   273.99   275.66
 0 1 1  2    1.715    0.005    3.425  274.825   273.99   275.66
 0 1 1  3    5.145    3.435    6.855  274.825   273.99   275.66
 0 1 1  4   -5.145   -6.855   -3.435  273.075   272.24   273.91
 0 1 1  5   -1.715   -3.425   -0.005  273.075   272.24   273.91
 0 1 1  6    1.715    0.005    3.425  273.075   272.24   273.91
 0 1 1  7    5.145    3.435    6.855  273.075   272.24   273.91
 0 1 1  8   -5.145   -6.855   -3.435  271.325   270.49   272.16
 0 1 1  9   -1.715   -3.425   -0.005  271.325   270.49   272.16
 0 1 1 10    1.715    0.005    3.425  271.325   270.49   272.16
 0 1 1 11    5.145    3.435    6.855  271.325   270.49   272.16
 0 1 1 12   -5.145   -6.855   -3.435  269.575   268.74   270.41
 0 1 1 13   -1.715   -3.425   -0.005  269.575   268.74   270.41
 0 1 1 14    1.715    0.005    3.425  269.575   268.74   270.41
 0 1 1 15    5.145    3.435    6.855  269.575   268.74   270.41
 0 1 1 16   -5.145   -6.855   -3.435  267.825   266.99   268.66
 0 1 1 17   -1.715   -3.425   -0.005  267.825   266.99   268.66
 0 1 1 18    1.715    0.005    3.425  267.825   266.99   268.66
 0 1 1 19    5.145    3.435    6.855  267.825   266.99   268.66
 0 1 1 20   -5.145   -6.855   -3.435  266.075   265.24   266.91
 0 1 1 21   -1.715   -3.425   -0.005  266.075   265.24   266.91
 0 1 1 22    1.715    0.005    3.425  266.075   265.24   266.91
 0 1 1 23    5.145    3.435    6.855  266.075   265.24   266.91
 0 1 1 24   -5.145   -6.855   -3.435  264.325   263.49   265.16
 0 1 1 25   -1.715   -3.425   -0.005  264.325   263.49   265.16
 0 1 1 26    1.715    0.005    3.425  264.325   263.49   265.16
 0 1 1 27    5.145    3.435    6.855  264.325   263.49   265.16
 0 1 1 28   -5.145   -6.855   -3.435  262.575   261.74   263.41
 0 1 1 29   -1.715   -3.425   -0.005  262.575   261.74   263.41
 0 1 1 30    1.715    0.005    3.425  262.575   261.74   263.41
 0 1 1 31    5.145    3.435    6.855  262.575   261.74   263.41
 0 1 1 32   -5.145   -6.855   -3.435  260.825   259.99   261.66
 0 1 1 33   -1.715   -3.425   -0.005  260.825   259.99   261.66
 0 1 1 34    1.715    0.005    3.425  260.825   259.99   261.66
 0 1 1 35    5.145    3.435    6.855  260.825   259.99   261.66
 0 1 1 36   -5.145   -6.855   -3.435  259.075   258.24   259.91
 0 1 1 37   -1.715   -3.425   -0.005  259.075   258.24   259.91
 0 1 1 38    1.715    0.005    3.425  259.075   258.24   259.91
 0 1 1 39    5.145    3.435    6.855  259.075   258.24   259.91
 0 1 1 40   -5.145   -6.855   -3.435  257.325   256.49   258.16
 0 1 1 41   -1.715   -3.425   -0.005  257.325   256.49   258.16
 0 1 1 42    1.715    0.005    3.425  257.325   256.49   258.16
 0 1 1 43    5.145    3.435    6.855  257.325   256.49   258.16
 0 1 1 44   -5.145   -6.855   -3.435  255.575   254.74   256.41
 0 1 1 45   -1.715   -3.425   -0.005  255.575   254.74   256.41
 0 1 1 46    1.715    0.005    3.425  255.575   254.74   256.41
 0 1 1 47    5.145    3.435    6.855  255.575   254.74   256.41
 0 1 1 48   -5.145   -6.855   -3.435  253.825   252.99   254.66
 0 1 1 49   -1.715   -3.425   -0.005  253.825   252.99   254.66
 0 1 1 50    1.715    0.005    3.425  253.825   252.99   254.66
 0 1 1 51    5.145    3.435    6.855  253.825   252.99   254.66
 0 1 1 52   -5.145   -6.855   -3.435  252.075   251.24   252.91
 0 1 1 53   -1.715   -3.425   -0.005  252.075   251.24   252.91
 0 1 1 54    1.715    0.005    3.425  252.075   251.24   252.91
 0 1 1 55    5.145    3.435    6.855  252.075   251.24   252.91
 0 1 1 56   -5.145   -6.855   -3.435  250.325   249.49   251.16
 0 1 1 57   -1.715   -3.425   -0.005  250.325   249.49   251.16
 0 1 1 58    1.715    0.005    3.425  250.325   249.49   251.16
 0 1 1 59    5.145    3.435    6.855  250.325   249.49   251.16
 0 1 1 60   -5.145   -6.855   -3.435  248.575   247.74   249.41
 0 1 1 61   -1.715   -3.425   -0.005  248.575   247.74   249.41
 0 1 1 62    1.715    0.005    3.425  248.575   247.74   249.41
 0 1 1 63    5.145    3.435    6.855  248.575   247.74   249.41
 0 1 2  0    5.145    3.435    6.855  330.825   329.99   331.66
 0 1 2  1    1.715    0.005    3.425  330.825   329.99   331.66
 0 1 2  2   -1.715   -3.425   -0.005  330.825   329.99   331.66
 0 1 2  3   -5.145   -6.855   -3.435  330.825   329.99   331.66
 0 1 2  4    5.145    3.435    6.855  329.075   328.24   329.91
 0 1 2  5    1.715    0.005    3.425  329.075   328.24   329.91
 0 1 2  6   -1.715   -3.425   -0.005  329.075   328.24   329.91
 0 1 2  7   -5.145   -6.855   -3.435  329.075   328.24   329.91
 0 1 2  8    5.145    3.435    6.855  327.325   326.49   328.16
 0 1 2  9    1.715    0.005    3.425  327.325   326.49   328.16
 0 1 2 10   -1.715   -3.425   -0.005  327.325   326.49   328.16
 0 1 2 11   -5.145   -6.855   -3.435  327.325   326.49   328.16
 0 1 2 12    5.145    3.435    6.855  325.575   324.74   326.41
 0 1 2 13    1.715    0.005    3.425  325.575   324.74   326.41
 0 1 2 14   -1.715   -3.425   -0.005  325.575   324.74   326.41
 0 1 2 15   -5.145   -6.855   -3.435  325.575   324.74   326.41
 0 1 2 16    5.145    3.435    6.855  323.825   322.99   324.66
 0 1 2 17    1.715    0.005    3.425  323.825   322.99   324.66
 0 1 2 18   -1.715   -3.425   -0.005  323.825   322.99   324.66
 0 1 2 19   -5.145   -6.855   -3.435  323.825   322.99   324.66
 0 1 2 20    5.145    3.435    6.855  322.075   321.24   322.91
 0 1 2 21    1.715    0.005    3.425  322.075   321.24   322.91
 0 1 2 22   -1.715   -3.425   -0.005  322.075   321.24   322.91
 0 1 2 23   -5.145   -6.855   -3.435  322.075   321.24   322.91
 0 1 2 24    5.145    3.435    6.855  320.325   319.49   321.16
 0 1 2 25    1.715    0.005    3.425  320.325   319.49   321.16
 0 1 2 26   -1.715   -3.425   -0.005  320.325   319.49   321.16
 0 1 2 27   -5.145   -6.855   -3.435  320.325   319.49   321.16
 0 1 2 28    5.145    3.435    6.855  318.575   317.74   319.41
 0 1 2 29    1.715    0.005    3.425  318.575   317.74   319.41
 0 1 2 30   -1.715   -3.425   -0.005  318.575   317.74   319.41
 0 1 2 31   -5.145   -6.855   -3.435  318.575   317.74   319.41
 0 1 2 32    5.145    3.435    6.855  316.825   315.99   317.66
 0 1 2 33    1.715    0.005    3.425  316.825   315.99   317.66
 0 1 2 34   -1.715   -3.425   -0.005  316.825   315.99   317.66
 0 1 2 35   -5.145   -6.855   -3.435  316.825   315.99   317.66
 0 1 2 36    5.145    3.435    6.855  315.075   314.24   315.91
 0 1 2 37    1.715    0.005    3.425  315.075   314.24   315.91
 0 1 2 38   -1.715   -3.425   -0.005  315.075   314.24   315.91
 0 1 2 39   -5.145   -6.855   -3.435  315.075   314.24   315.91
 0 1 2 40    5.145    3.435    6.855  313.325   312.49   314.16
 0 1 2 41    1.715    0.005    3.425  313.325   312.49   314.16
 0 1 2 42   -1.715   -3.425   -0.005  313.325   312.49   314.16
 0 1 2 43   -5.145   -6.855   -3.435  313.325   312.49   314.16
 0 1 2 44    5.145    3.435    6.855  311.575   310.74   312.41
 0 1 2 45    1.715    0.005    3.425  311.575   310.74   312.41
 0 1 2 46   -1.715   -3.425   -0.005  311.575   310.74   312.41
 0 1 2 47   -5.145   -6.855   -3.435  311.575   310.74   312.41
 0 1 2 48    5.145    3.435    6.855  309.825   308.99   310.66
 0 1 2 49    1.715    0.005    3.425  309.825   308.99   310.66
 0 1 2 50   -1.715   -3.425   -0.005  309.825   308.99   310.66
 0 1 2 51   -5.145   -6.855   -3.435  309.825   308.99   310.66
 0 1 2 52    5.145    3.435    6.855  308.075   307.24   308.91
 0 1 2 53    1.715    0.005    3.425  308.075   307.24   308.91
 0 1 2 54   -1.715   -3.425   -0.005  308.075   307.24   308.91
 0 1 2 55   -5.145   -6.855   -3.435  308.075   307.24   308.91
 0 1 2 56    5.145    3.435    6.855  306.325   305.49   307.16
 0 1 2 57    1.715    0.005    3.425  306.325   305.49   307.16
 0 1 2 58   -1.715   -3.425   -0.005  306.325   305.49   307.16
 0 1 2 59   -5.145   -6.855   -3.435  306.325   305.49   307.16
 0 1 2 60    5.145    3.435    6.855  304.575   303.74   305.41
 0 1 2 61    1.715    0.005    3.425  304.575   303.74   305.41
 0 1 2 62   -1.715   -3.425   -0.005  304.575   303.74   305.41
 0 1 2 63   -5.145   -6.855   -3.435  304.575   303.74   305.41
 0 1 3  0    5.145    3.435    6.855  386.825   385.99   387.66
 0 1 3  1    1.715    0.005    3.425  386.825   385.99   387.66
 0 1 3  2   -1.715   -3.425   -0.005  386.825   385.99   387.66
 0 1 3  3   -5.145   -6.855   -3.435  386.825   385.99   387.66
 0 1 3  4    5.145    3.435    6.855  385.075   384.24   385.91
 0 1 3  5    1.715    0.005    3.425  385.075   384.24   385.91
 0 1 3  6   -1.715   -3.425   -0.005  385.075   384.24   385.91
 0 1 3  7   -5.145   -6.855   -3.435  385.075   384.24   385.91
 0 1 3  8    5.145    3.435    6.855  383.325   382.49   384.16
 0 1 3  9    1.715    0.005    3.425  383.325   382.49   384.16
 0 1 3 10   -1.715   -3.425   -0.005  383.325   382.49   384.16
 0 1 3 11   -5.145   -6.855   -3.435  383.325   382.49   384.16
 0 1 3 12    5.145    3.435    6.855  381.575   380.74   382.41
 0 1 3 13    1.715    0.005    3.425  381.575   380.74   382.41
 0 1 3 14   -1.715   -3.425   -0.005  381.575   380.74   382.41
 0 1 3 15   -5.145   -6.855   -3.435  381.575   380.74   382.41
 0 1 3 16    5.145    3.435    6.855  379.825   378.99   380.66
 0 1 3 17    1.715    0.005    3.425  379.825   378.99   380.66
 0 1 3 18   -1.715   -3.425   -0.005  379.825   378.99   380.66
 0 1 3 19   -5.145   -6.855   -3.435  379.825   378.99   380.66
 0 1 3 20    5.145    3.435    6.855  378.075   377.24   378.91
 0 1 3 21    1.715    0.005    3.425  378.075   377.24   378.91
 0 1 3 22   -1.715   -3.425   -0.005  378.075   377.24   378.91
 0 1 3 23   -5.145   -6.855   -3.435  378.075   377.24   378.91
 0 1 3 24    5.145    3.435    6.855  376.325   375.49   377.16
 0 1 3 25    1.715    0.005    3.425  376.325   375.49   377.16
 0 1 3 26   -1.715   -3.425   -0.005  376.325   375.49   377.16
 0 1 3 27   -5.145   -6.855   -3.435  376.325   375.49   377.16
 0 1 3 28    5.145    3.435    6.855  374.575   373.74   375.41
 0 1 3 29    1.715    0.005    3.425  374.575   373.74   375.41
 0 1 3 30   -1.715   -3.425   -0.005  374.575   373.74   375.41
 0 1 3 31   -5.145   -6.855   -3.435  374.575   373.74   375.41
 0 1 3 32    5.145    3.435    6.855  372.825   371.99   373.66
 0 1 3 33    1.715    0.005    3.425  372.825   371.99   373.66
 0 1 3 34   -1.715   -3.425   -0.005  372.825   371.99   373.66
 0 1 3 35   -5.145   -6.855   -3.435  372.825   371.99   373.66
 0 1 3 36    5.145    3.435    6.855  371.075   370.24   371.91
 0 1 3 37    1.715    0.005    3.425  371.075   370.24   371.91
 0 1 3 38   -1.715   -3.425   -0.005  371.075   370.24   371.91
 0 1 3 39   -5.145   -6.855   -3.435  371.075   370.24   371.91
 0 1 3 40    5.145    3.435    6.855  369.325   368.49   370.16
 0 1 3 41    1.715    0.005    3.425  369.325   368.49   370.16
 0 1 3 42   -1.715   -3.425   -0.005  369.325   368.49   370.16
 0 1 3 43   -5.145   -6.855   -3.435  369.325   368.49   370.16
 0 1 3 44    5.145    3.435    6.855  367.575   366.74   368.41
 0 1 3 45    1.715    0.005    3.425  367.575   366.74   368.41
 0 1 3 46   -1.715   -3.425   -0.005  367.575   366.74   368.41
 0 1 3 47   -5.145   -6.855   -3.435  367.575   366.74   368.41
 0 1 3 48    5.145    3.435    6.855  365.825   364.99   366.66
 0 1 3 49    1.715    0.005    3.425  365.825   364.99   366.66
 0 1 3 50   -1.715   -3.425   -0.005  365.825   364.99   366.66
 0 1 3 51   -5.145   -6.855   -3.435  365.825   364.99   366.66
 0 1 3 52    5.145    3.435    6.855  364.075   363.24   364.91
 0 1 3 53    1.715    0.005    3.425  364.075   363.24   364.91
 0 1 3 54   -1.715   -3.425   -0.005  364.075   363.24   364.91
 0 1 3 55   -5.145   -6.855   -3.435  364.075   363.24   364.91
 0 1 3 56    5.145    3.435    6.855  362.325   361.49   363.16
 0 1 3 57    1.715    0.005    3.425  362.325   361.49   363.16
 0 1 3 58   -1.715   -3.425   -0.005  362.325   361.49   363.16
 0 1 3 59   -5.145   -6.855   -3.435  362.325   361.49   363.16
 0 1 3 60    5.145    3.435    6.855  360.575   359.74   361.41
 0 1 3 61    1.715    0.005    3.425  360.575   359.74   361.41
 0 1 3 62   -1.715   -3.425   -0.005  360.575   359.74   361.41
 0 1 3 63   -5.145   -6.855   -3.435  360.575   359.74   361.41
 0 2 0  0  -65.145     -120   -10.29  290.575   289.74   291.41
 0 2 0  1  -65.145     -120   -10.29  294.075   293.24   294.91
 0 2 0  2  -65.145     -120   -10.29  297.575   296.74   298.41
 0 2 0  3  -65.145     -120   -10.29  301.075   300.24   301.91
 0 2 0  4  -65.145     -120   -10.29  276.575   275.74   277.41
 0 2 0  5  -65.145     -120   -10.29  280.075   279.24   280.91
 0 2 0  6  -65.145     -120   -10.29  283.575   282.74   284.41
 0 2 0  7  -65.145     -120   -10.29  287.075   286.24   287.91
 0 2 0  8  -65.145     -120   -10.29  262.575   261.74   263.41
 0 2 0  9  -65.145     -120   -10.29  266.075   265.24   266.91
 0 2 0 10  -65.145     -120   -10.29  269.575   268.74   270.41
 0 2 0 11  -65.145     -120   -10.29  273.075   272.24   273.91
 0 2 0 12  -65.145     -120   -10.29  248.575   247.74   249.41
 0 2 0 13  -65.145     -120   -10.29  252.075   251.24   252.91
 0 2 0 14  -65.145     -120   -10.29  255.575   254.74   256.41
 0 2 0 15  -65.145     -120   -10.29  259.075   258.24   259.91
 0 2 0 16  -65.145     -120   -10.29  234.575   233.74   235.41
 0 2 0 17  -65.145     -120   -10.29  238.075   237.24   238.91
 0 2 0 18  -65.145     -120   -10.29  241.575   240.74   242.41
 0 2 0 19  -65.145     -120   -10.29  245.075   244.24   245.91
 0 2 0 20  -65.145     -120   -10.29  220.575   219.74   221.41
 0 2 0 21  -65.145     -120   -10.29  224.075   223.24   224.91
 0 2 0 22  -65.145     -120   -10.29  227.575   226.74   228.41
 0 2 0 23  -65.145     -120   -10.29  231.075   230.24   231.91
 0 2 0 24  -65.145     -120   -10.29  206.575   205.74   207.41
 0 2 0 25  -65.145     -120   -10.29  210.075   209.24   210.91
 0 2 0 26  -65.145     -120   -10.29  213.575   212.74   214.41
 0 2 0 27  -65.145     -120   -10.29  217.075   216.24   217.91
 0 2 0 28  -65.145     -120   -10.29  192.575   191.74   193.41
 0 2 0 29  -65.145     -120   -10.29  196.075   195.24   196.91
 0 2 0 30  -65.145     -120   -10.29  199.575   198.74   200.41
 0 2 0 31  -65.145     -120   -10.29  203.075   202.24   203.91
 0 2 1  0  -65.145     -120   -10.29  402.575   401.74   403.41
 0 2 1  1  -65.145     -120   -10.29  406.075   405.24   406.91
 0 2 1  2  -65.145     -120   -10.29  409.575   408.74   410.41
 0 2 1  3  -65.145     -120   -10.29  413.075   412.24   413.91
 0 2 1  4  -65.145     -120   -10.29  388.575   387.74   389.41
 0 2 1  5  -65.145     -120   -10.29  392.075   391.24   392.91
 0 2 1  6  -65.145     -120   -10.29  395.575   394.74   396.41
 0 2 1  7  -65.145     -120   -10.29  399.075   398.24   399.91
 0 2 1  8  -65.145     -120   -10.29  374.575   373.74   375.41
 0 2 1  9  -65.145     -120   -10.29  378.075   377.24   378.91
 0 2 1 10  -65.145     -120   -10.29  381.575   380.74   382.41
 0 2 1 11  -65.145     -120   -10.29  385.075   384.24   385.91
 0 2 1 12  -65.145     -120   -10.29  360.575   359.74   361.41
 0 2 1 13  -65.145     -120   -10.29  364.075   363.24   364.91
 0 2 1 14  -65.145     -120   -10.29  367.575   366.74   368.41
 0 2 1 15  -65.145     -120   -10.29  371.075   370.24   371.91
 0 2 1 16  -65.145     -120   -10.29  346.575   345.74   347.41
 0 2 1 17  -65.145     -120   -10.29  350.075   349.24   350.91
 0 2 1 18  -65.145     -120   -10.29  353.575   352.74   354.41
 0 2 1 19  -65.145     -120   -10.29  357.075   356.24   357.91
 0 2 1 20  -65.145     -120   -10.29  332.575   331.74   333.41
 0 2 1 21  -65.145     -120   -10.29  336.075   335.24   336.91
 0 2 1 22  -65.145     -120   -10.29  339.575   338.74   340.41
 0 2 1 23  -65.145     -120   -10.29  343.075   342.24   343.91
 0 2 1 24  -65.145     -120   -10.29  318.575   317.74   319.41
 0 2 1 25  -65.145     -120   -10.29  322.075   321.24   322.91
 0 2 1 26  -65.145     -120   -10.29  325.575   324.74   326.41
 0 2 1 27  -65.145     -120   -10.29  329.075   328.24   329.91
 0 2 1 28  -65.145     -120   -10.29  304.575   303.74   305.41
 0 2 1 29  -65.145     -120   -10.29  308.075   307.24   308.91
 0 2 1 30  -65.145     -120   -10.29  311.575   310.74   312.41
 0 2 1 31  -65.145     -120   -10.29  315.075   314.24   315.91
 0 2 2  0   -8.575  -10.285   -6.865  302.825   301.99   303.66
 0 2 2  1   -8.575  -10.285   -6.865  301.075   300.24   301.91
 0 2 2  2   -8.575  -10.285   -6.865  299.325   298.49   300.16
 0 2 2  3   -8.575  -10.285   -6.865  297.575   296.74   298.41
 0 2 2  4   -8.575  -10.285   -6.865  295.825   294.99   296.66
 0 2 2  5   -8.575  -10.285   -6.865  294.075   293.24   294.91
 0 2 2  6   -8.575  -10.285   -6.865  292.325   291.49   293.16
 0 2 2  7   -8.575  -10.285   -6.865  290.575   289.74   291.41
 0 2 2  8   -8.575  -10.285   -6.865  288.825   287.99   289.66
 0 2 2  9   -8.575  -10.285   -6.865  287.075   286.24   287.91
 0 2 2 10   -8.575  -10.285   -6.865  285.325   284.49   286.16
 0 2 2 11   -8.575  -10.285   -6.865  283.575   282.74   284.41
 0 2 2 12   -8.575  -10.285   -6.865  281.825   280.99   282.66
 0 2 2 13   -8.575  -10.285   -6.865  280.075   279.24   280.91
 0 2 2 14   -8.575  -10.285   -6.865  278.325   277.49   279.16
 0 2 2 15   -8.575  -10.285   -6.865  276.575   275.74   277.41
 0 2 2 16   -8.575  -10.285   -6.865  274.825   273.99   275.66
 0 2 2 17   -8.575  -10.285   -6.865  273.075   272.24   273.91
 0 2 2 18   -8.575  -10.285   -6.865  271.325   270.49   272.16
 0 2 2 19   -8.575  -10.285   -6.865  269.575   268.74   270.41
 0 2 2 20   -8.575  -10.285   -6.865  267.825   266.99   268.66
 0 2 2 21   -8.575  -10.285   -6.865  266.075   265.24   266.91
 0 2 2 22   -8.575  -10.285   -6.865  264.325   263.49   265.16
 0 2 2 23   -8.575  -10.285   -6.865  262.575   261.74   263.41
 0 2 2 24   -8.575  -10.285   -6.865  260.825   259.99   261.66
 0 2 2 25   -8.575  -10.285   -6.865  259.075   258.24   259.91
 0 2 2 26   -8.575  -10.285   -6.865  257.325   256.49   258.16
 0 2 2 27   -8.575  -10.285   -6.865  255.575   254.74   256.41
 0 2 2 28   -8.575  -10.285   -6.865  253.825   252.99   254.66
 0 2 2 29   -8.575  -10.285   -6.865  252.075   251.24   252.91
 0 2 2 30   -8.575  -10.285   -6.865  250.325   249.49   251.16
 0 2 2 31   -8.575  -10.285   -6.865  248.575   247.74   249.41
 0 2 2 32   -8.575  -10.285   -6.865  246.825   245.99   247.66
 0 2 2 33   -8.575  -10.285   -6.865  245.075   244.24   245.91
 0 2 2 34   -8.575  -10.285   -6.865  243.325   242.49   244.16
 0 2 2 35   -8.575  -10.285   -6.865  241.575   240.74   242.41
 0 2 2 36   -8.575  -10.285   -6.865  239.825   238.99   240.66
 0 2 2 37   -8.575  -10.285   -6.865  238.075   237.24   238.91
 0 2 2 38   -8.575  -10.285   -6.865  236.325   235.49   237.16
 0 2 2 39   -8.575  -10.285   -6.865  234.575   233.74   235.41
 0 2 2 40   -8.575  -10.285   -6.865  232.825   231.99   233.66
 0 2 2 41   -8.575  -10.285   -6.865  231.075   230.24   231.91
 0 2 2 42   -8.575  -10.285   -6.865  229.325   228.49   230.16
 0 2 2 43   -8.575  -10.285   -6.865  227.575   226.74   228.41
 0 2 2 44   -8.575  -10.285   -6.865  225.825   224.99   226.66
 0 2 2 45   -8.575  -10.285   -6.865  224.075   223.24   224.91
 0 2 2 46   -8.575  -10.285   -6.865  222.325   221.49   223.16
 0 2 2 47   -8.575  -10.285   -6.865  220.575   219.74   221.41
 0 2 2 48   -8.575  -10.285   -6.865  218.825   217.99   219.66
 0 2 2 49   -8.575  -10.285   -6.865  217.075   216.24   217.91
 0 2 2 50   -8.575  -10.285   -6.865  215.325   214.49   216.16
 0 2 2 51   -8.575  -10.285   -6.865  213.575   212.74   214.41
 0 2 2 52   -8.575  -10.285   -6.865  211.825   210.99   212.66
 0 2 2 53   -8.575  -10.285   -6.865  210.075   209.24   210.91
 0 2 2 54   -8.575  -10.285   -6.865  208.325   207.49   209.16
 0 2 2 55   -8.575  -10.285   -6.865  206.575   205.74   207.41
 0 2 2 56   -8.575  -10.285   -6.865  204.825   203.99   205.66
 0 2 2 57   -8.575  -10.285   -6.865  203.075   202.24   203.91
 0 2 2 58   -8.575  -10.285   -6.865  201.325   200.49   202.16
 0 2 2 59   -8.575  -10.285   -6.865  199.575   198.74   200.41
 0 2 2 60   -8.575  -10.285   -6.865  197.825   196.99   198.66
 0 2 2 61   -8.575  -10.285   -6.865  196.075   195.24   196.91
 0 2 2 62   -8.575  -10.285   -6.865  194.325   193.49   195.16
 0 2 2 63   -8.575  -10.285   -6.865  192.575   191.74   193.41
 0 2 3  0   -8.575  -10.285   -6.865  414.825   413.99   415.66
 0 2 3  1   -8.575  -10.285   -6.865  413.075   412.24   413.91
 0 2 3  2   -8.575  -10.285   -6.865  411.325   410.49   412.16
 0 2 3  3   -8.575  -10.285   -6.865  409.575   408.74   410.41
 0 2 3  4   -8.575  -10.285   -6.865  407.825   406.99   408.66
 0 2 3  5   -8.575  -10.285   -6.865  406.075   405.24   406.91
 0 2 3  6   -8.575  -10.285   -6.865  404.325   403.49   405.16
 0 2 3  7   -8.575  -10.285   -6.865  402.575   401.74   403.41
 0 2 3  8   -8.575  -10.285   -6.865  400.825   399.99   401.66
 0 2 3  9   -8.575  -10.285   -6.865  399.075   398.24   399.91
 0 2 3 10   -8.575  -10.285   -6.865  397.325   396.49   398.16
 0 2 3 11   -8.575  -10.285   -6.865  395.575   394.74   396.41
 0 2 3 12   -8.575  -10.285   -6.865  393.825   392.99   394.66
 0 2 3 13   -8.575  -10.285   -6.865  392.075   391.24   392.91
 0 2 3 14   -8.575  -10.285   -6.865  390.325   389.49   391.16
 0 2 3 15   -8.575  -10.285   -6.865  388.575   387.74   389.41
 0 2 3 16   -8.575  -10.285   -6.865  386.825   385.99   387.66
 0 2 3 17   -8.575  -10.285   -6.865  385.075   384.24   385.91
 0 2 3 18   -8.575  -10.285   -6.865  383.325   382.49   384.16
 0 2 3 19   -8.575  -10.285   -6.865  381.575   380.74   382.41
 0 2 3 20   -8.575  -10.285   -6.865  379.825   378.99   380.66
 0 2 3 21   -8.575  -10.285   -6.865  378.075   377.24   378.91
 0 2 3 22   -8.575  -10.285   -6.865  376.325   375.49   377.16
 0 2 3 23   -8.575  -10.285   -6.865  374.575   373.74   375.41
 0 2 3 24   -8.575  -10.285   -6.865  372.825   371.99   373.66
 0 2 3 25   -8.575  -10.285   -6.865  371.075   370.24   371.91
 0 2 3 26   -8.575  -10.285   -6.865  369.325   368.49   370.16
 0 2 3 27   -8.575  -10.285   -6.865  367.575   366.74   368.41
 0 2 3 28   -8.575  -10.285   -6.865  365.825   364.99   366.66
 0 2 3 29   -8.575  -10.285   -6.865  364.075   363.24   364.91
 0 2 3 30   -8.575  -10.285   -6.865  362.325   361.49   363.16
 0 2 3 31   -8.575  -10.285   -6.865  360.575   359.74   361.41
 0 2 3 32   -8.575  -10.285   -6.865  358.825   357.99   359.66
 0 2 3 33   -8.575  -10.285   -6.865  357.075   356.24   357.91
 0 2 3 34   -8.575  -10.285   -6.865  355.325   354.49   356.16
 0 2 3 35   -8.575  -10.285   -6.865  353.575   352.74   354.41
 0 2 3 36   -8.575  -10.285   -6.865  351.825   350.99   352.66
 0 2 3 37   -8.575  -10.285   -6.865  350.075   349.24   350.91
 0 2 3 38   -8.575  -10.285   -6.865  348.325   347.49   349.16
 0 2 3 39   -8.575  -10.285   -6.865  346.575   345.74   347.41
 0 2 3 40   -8.575  -10.285   -6.865  344.825   343.99   345.66
 0 2 3 41   -8.575  -10.285   -6.865  343.075   342.24   343.91
 0 2 3 42   -8.575  -10.285   -6.865  341.325   340.49   342.16
 0 2 3 43   -8.575  -10.285   -6.865  339.575   338.74   340.41
 0 2 3 44   -8.575  -10.285   -6.865  337.825   336.99   338.66
 0 2 3 45   -8.575  -10.285   -6.865  336.075   335.24   336.91
 0 2 3 46   -8.575  -10.285   -6.865  334.325   333.49   335.16
 0 2 3 47   -8.575  -10.285   -6.865  332.575   331.74   333.41
 0 2 3 48   -8.575  -10.285   -6.865  330.825   329.99   331.66
 0 2 3 49   -8.575  -10.285   -6.865  329.075   328.24   329.91
 0 2 3 50   -8.575  -10.285   -6.865  327.325   326.49   328.16
 0 2 3 51   -8.575  -10.285   -6.865  325.575   324.74   326.41
 0 2 3 52   -8.575  -10.285   -6.865  323.825   322.99   324.66
 0 2 3 53   -8.575  -10.285   -6.865  322.075   321.24   322.91
 0 2 3 54   -8.575  -10.285   -6.865  320.325   319.49   321.16
 0 2 3 55   -8.575  -10.285   -6.865  318.575   317.74   319.41
 0 2 3 56   -8.575  -10.285   -6.865  316.825   315.99   317.66
 0 2 3 57   -8.575  -10.285   -6.865  315.075   314.24   315.91
 0 2 3 58   -8.575  -10.285   -6.865  313.325   312.49   314.16
 0 2 3 59   -8.575  -10.285   -6.865  311.575   310.74   312.41
 0 2 3 60   -8.575  -10.285   -6.865  309.825   308.99   310.66
 0 2 3 61   -8.575  -10.285   -6.865  308.075   307.24   308.91
 0 2 3 62   -8.575  -10.285   -6.865  306.325   305.49   307.16
 0 2 3 63   -8.575  -10.285   -6.865  304.575   303.74   305.41
 0 3 0  0   65.145    10.29      120  301.075   300.24   301.91
 0 3 0  1   65.145    10.29      120  297.575   296.74   298.41
 0 3 0  2   65.145    10.29      120  294.075   293.24   294.91
 0 3 0  3   65.145    10.29      120  290.575   289.74   291.41
 0 3 0  4   65.145    10.29      120  287.075   286.24   287.91
 0 3 0  5   65.145    10.29      120  283.575   282.74   284.41
 0 3 0  6   65.145    10.29      120  280.075   279.24   280.91
 0 3 0  7   65.145    10.29      120  276.575   275.74   277.41
 0 3 0  8   65.145    10.29      120  273.075   272.24   273.91
 0 3 0  9   65.145    10.29      120  269.575   268.74   270.41
 0 3 0 10   65.145    10.29      120  266.075   265.24   266.91
 0 3 0 11   65.145    10.29      120  262.575   261.74   263.41
 0 3 0 12   65.145    10.29      120  259.075   258.24   259.91
 0 3 0 13   65.145    10.29      120  255.575   254.74   256.41
 0 3 0 14   65.145    10.29      120  252.075   251.24   252.91
 0 3 0 15   65.145    10.29      120  248.575   247.74   249.41
 0 3 0 16   65.145    10.29      120  245.075   244.24   245.91
 0 3 0 17   65.145    10.29      120  241.575   240.74   242.41
 0 3 0 18   65.145    10.29      120  238.075   237.24   238.91
 0 3 0 19   65.145    10.29      120  234.575   233.74   235.41
 0 3 0 20   65.145    10.29      120  231.075   230.24   231.91
 0 3 0 21   65.145    10.29      120  227.575   226.74   228.41
 0 3 0 22   65.145    10.29      120  224.075   223.24   224.91
 0 3 0 23   65.145    10.29      120  220.575   219.74   221.41
 0 3 0 24   65.145    10.29      120  217.075   216.24   217.91
 0 3 0 25   65.145    10.29      120  213.575   212.74   214.41
 0 3 0 26   65.145    10.29      120  210.075   209.24   210.91
 0 3 0 27   65.145    10.29      120  206.575   205.74   207.41
 0 3 0 28   65.145    10.29      120  203.075   202.24   203.91
 0 3 0 29   65.145    10.29      120  199.575   198.74   200.41
 0 3 0 30   65.145    10.29      120  196.075   195.24   196.91
 0 3 0 31   65.145    10.29      120  192.575   191.74   193.41
 0 3 1  0   65.145    10.29      120  413.075   412.24   413.91
 0 3 1  1   65.145    10.29      120  409.575   408.74   410.41
 0 3 1  2   65.145    10.29      120  406.075   405.24   406.91
 0 3 1  3   65.145    10.29      120  402.575   401.74   403.41
 0 3 1  4   65.145    10.29      120  399.075   398.24   399.91
 0 3 1  5   65.145    10.29      120  395.575   394.74   396.41
 0 3 1  6   65.145    10.29      120  392.075   391.24   392.91
 0 3 1  7   65.145    10.29      120  388.575   387.74   389.41
 0 3 1  8   65.145    10.29      120  385.075   384.24   385.91
 0 3 1  9   65.145    10.29      120  381.575   380.74   382.41
 0 3 1 10   65.145    10.29      120  378.075   377.24   378.91
 0 3 1 11   65.145    10.29      120  374.575   373.74   375.41
 0 3 1 12   65.145    10.29      120  371.075   370.24   371.91
 0 3 1 13   65.145    10.29      120  367.575   366.74   368.41
 0 3 1 14   65.145    10.29      120  364.075   363.24   364.91
 0 3 1 15   65.145    10.29      120  360.575   359.74   361.41
 0 3 1 16   65.145    10.29      120  357.075   356.24   357.91
 0 3 1 17   65.145    10.29      120  353.575   352.74   354.41
 0 3 1 18   65.145    10.29      120  350.075   349.24   350.91
 0 3 1 19   65.145    10.29      120  346.575   345.74   347.41
 0 3 1 20   65.145    10.29      120  343.075   342.24   343.91
 0 3 1 21   65.145    10.29      120  339.575   338.74   340.41
 0 3 1 22   65.145    10.29      120  336.075   335.24   336.91
 0 3 1 23   65.145    10.29      120  332.575   331.74   333.41
 0 3 1 24   65.145    10.29      120  329.075   328.24   329.91
 0 3 1 25   65.145    10.29      120  325.575   324.74   326.41
 0 3 1 26   65.145    10.29      120  322.075   321.24   322.91
 0 3 1 27   65.145    10.29      120  318.575   317.74   319.41
 0 3 1 28   65.145    10.29      120  315.075   314.24   315.91
 0 3 1 29   65.145    10.29      120  311.575   310.74   312.41
 0 3 1 30   65.145    10.29      120  308.075   307.24   308.91
 0 3 1 31   65.145    10.29      120  304.575   303.74   305.41
 0 3 2  0    8.575    6.865   10.285  302.825   301.99   303.66
 0 3 2  1    8.575    6.865   10.285  301.075   300.24   301.91
 0 3 2  2    8.575    6.865   10.285  299.325   298.49   300.16
 0 3 2  3    8.575    6.865   10.285  297.575   296.74   298.41
 0 3 2  4    8.575    6.865   10.285  295.825   294.99   296.66
 0 3 2  5    8.575    6.865   10.285  294.075   293.24   294.91
 0 3 2  6    8.575    6.865   10.285  292.325   291.49   293.16
 0 3 2  7    8.575    6.865   10.285  290.575   289.74   291.41
 0 3 2  8    8.575    6.865   10.285  288.825   287.99   289.66
 0 3 2  9    8.575    6.865   10.285  287.075   286.24   287.91
 0 3 2 10    8.575    6.865   10.285  285.325   284.49   286.16
 0 3 2 11    8.575    6.865   10.285  283.575   282.74   284.41
 0 3 2 12    8.575    6.865   10.285  281.825   280.99   282.66
 0 3 2 13    8.575    6.865   10.285  280.075   279.24   280.91
 0 3 2 14    8.575    6.865   10.285  278.325   277.49   279.16
 0 3 2 15    8.575    6.865   10.285  276.575   275.74   277.41
 0 3 2 16    8.575    6.865   10.285  274.825   273.99   275.66
 0 3 2 17    8.575    6.865   10.285  273.075   272.24   273.91
 0 3 2 18    8.575    6.865   10.285  271.325   270.49   272.16
 0 3 2 19    8.575    6.865   10.285  269.575   268.74   270.41
 0 3 2 20    8.575    6.865   10.285  267.825   266.99   268.66
 0 3 2 21    8.575    6.865   10.285  266.075   265.24   266.91
 0 3 2 22    8.575    6.865   10.285  264.325   263.49   265.16
 0 3 2 23    8.575    6.865   10.285  262.575   261.74   263.41
 0 3 2 24    8.575    6.865   10.285  260.825   259.99   261.66
 0 3 2 25    8.575    6.865   10.285  259.075   258.24   259.91
 0 3 2 26    8.575    6.865   10.285  257.325   256.49   258.16
 0 3 2 27    8.575    6.865   10.285  255.575   254.74   256.41
 0 3 2 28    8.575    6.865   10.285  253.825   252.99   254.66
 0 3 2 29    8.575    6.865   10.285  252.075   251.24   252.91
 0 3 2 30    8.575    6.865   10.285  250.325   249.49   251.16
 0 3 2 31    8.575    6.865   10.285  248.575   247.74   249.41
 0 3 2 32    8.575    6.865   10.285  246.825   245.99   247.66
 0 3 2 33    8.575    6.865   10.285  245.075   244.24   245.91
 0 3 2 34    8.575    6.865   10.285  243.325   242.49   244.16
 0 3 2 35    8.575    6.865   10.285  241.575   240.74   242.41
 0 3 2 36    8.575    6.865   10.285  239.825   238.99   240.66
 0 3 2 37    8.575    6.865   10.285  238.075   237.24   238.91
 0 3 2 38    8.575    6.865   10.285  236.325   235.49   237.16
 0 3 2 39    8.575    6.865   10.285  234.575   233.74   235.41
 0 3 2 40    8.575    6.865   10.285  232.825   231.99   233.66
 0 3 2 41    8.575    6.865   10.285  231.075   230.24   231.91
 0 3 2 42    8.575    6.865   10.285  229.325   228.49   230.16
 0 3 2 43    8.575    6.865   10.285  227.575   226.74   228.41
 0 3 2 44    8.575    6.865   10.285  225.825   224.99   226.66
 0 3 2 45    8.575    6.865   10.285  224.075   223.24   224.91
 0 3 2 46    8.575    6.865   10.285  222.325   221.49   223.16
 0 3 2 47    8.575    6.865   10.285  220.575   219.74   221.41
 0 3 2 48    8.575    6.865   10.285  218.825   217.99   219.66
 0 3 2 49    8.575    6.865   10.285  217.075   216.24   217.91
 0 3 2 50    8.575    6.865   10.285  215.325   214.49   216.16
 0 3 2 51    8.575    6.865   10.285  213.575   212.74   214.41
 0 3 2 52    8.575    6.865   10.285  211.825   210.99   212.66
 0 3 2 53    8.575    6.865   10.285  210.075   209.24   210.91
 0 3 2 54    8.575    6.865   10.285  208.325   207.49   209.16
 0 3 2 55    8.575    6.865   10.285  206.575   205.74   207.41
 0 3 2 56    8.575    6.865   10.285  204.825   203.99   205.66
 0 3 2 57    8.575    6.865   10.285  203.075   202.24   203.91
 0 3 2 58    8.575    6.865   10.285  201.325   200.49   202.16
 0 3 2 59    8.575    6.865   10.285  199.575   198.74   200.41
 0 3 2 60    8.575    6.865   10.285  197.825   196.99   198.66
 0 3 2 61    8.575    6.865   10.285  196.075   195.24   196.91
 0 3 2 62    8.575    6.865   10.285  194.325   193.49   195.16
 0 3 2 63    8.575    6.865   10.285  192.575   191.74   193.41
 0 3 3  0    8.575    6.865   10.285  414.825   413.99   415.66
 0 3 3  1    8.575    6.865   10.285  413.075   412.24   413.91
 0 3 3  2    8.575    6.865   10.285  411.325   410.49   412.16
 0 3 3  3    8.575    6.865   10.285  409.575   408.74   410.41
 0 3 3  4    8.575    6.865   10.285  407.825   406.99   408.66
 0 3 3  5    8.575    6.865   10.285  406.075   405.24   406.91
 0 3 3  6    8.575    6.865   10.285  404.325   403.49   405.16
 0 3 3  7    8.575    6.865   10.285  402.575   401.74   403.41
 0 3 3  8    8.575    6.865   10.285  400.825   399.99   401.66
 0 3 3  9    8.575    6.865   10.285  399.075   398.24   399.91
 0 3 3 10    8.575    6.865   10.285  397.325   396.49   398.16
 0 3 3 11    8.575    6.865   10.285  395.575   394.74   396.41
 0 3 3 12    8.575    6.865   10.285  393.825   392.99   394.66
 0 3 3 13    8.575    6.865   10.285  392.075   391.24   392.91
 0 3 3 14    8.575    6.865   10.285  390.325   389.49   391.16
 0 3 3 15    8.575    6.865   10.285  388.575   387.74   389.41
 0 3 3 16    8.575    6.865   10.285  386.825   385.99   387.66
 0 3 3 17    8.575    6.865   10.285  385.075   384.24   385.91
 0 3 3 18    8.575    6.865   10.285  383.325   382.49   384.16
 0 3 3 19    8.575    6.865   10.285  381.575   380.74   382.41
 0 3 3 20    8.575    6.865   10.285  379.825   378.99   380.66
 0 3 3 21    8.575    6.865   10.285  378.075   377.24   378.91
 0 3 3 22    8.575    6.865   10.285  376.325   375.49   377.16
 0 3 3 23    8.575    6.865   10.285  374.575   373.74   375.41
 0 3 3 24    8.575    6.865   10.285  372.825   371.99   373.66
 0 3 3 25    8.575    6.865   10.285  371.075   370.24   371.91
 0 3 3 26    8.575    6.865   10.285  369.325   368.49   370.16
 0 3 3 27    8.575    6.865   10.285  367.575   366.74   368.41
 0 3 3 28    8.575    6.865   10.285  365.825   364.99   366.66
 0 3 3 29    8.575    6.865   10.285  364.075   363.24   364.91
 0 3 3 30    8.575    6.865   10.285  362.325   361.49   363.16
 0 3 3 31    8.575    6.865   10.285  360.575   359.74   361.41
 0 3 3 32    8.575    6.865   10.285  358.825   357.99   359.66
 0 3 3 33    8.575    6.865   10.285  357.075   356.24   357.91
 0 3 3 34    8.575    6.865   10.285  355.325   354.49   356.16
 0 3 3 35    8.575    6.865   10.285  353.575   352.74   354.41
 0 3 3 36    8.575    6.865   10.285  351.825   350.99   352.66
 0 3 3 37    8.575    6.865   10.285  350.075   349.24   350.91
 0 3 3 38    8.575    6.865   10.285  348.325   347.49   349.16
 0 3 3 39    8.575    6.865   10.285  346.575   345.74   347.41
 0 3 3 40    8.575    6.865   10.285  344.825   343.99   345.66
 0 3 3 41    8.575    6.865   10.285  343.075   342.24   343.91
 0 3 3 42    8.575    6.865   10.285  341.325   340.49   342.16
 0 3 3 43    8.575    6.865   10.285  339.575   338.74   340.41
 0 3 3 44    8.575    6.865   10.285  337.825   336.99   338.66
 0 3 3 45    8.575    6.865   10.285  336.075   335.24   336.91
 0 3 3 46    8.575    6.865   10.285  334.325   333.49   335.16
 0 3 3 47    8.575    6.865   10.285  332.575   331.74   333.41
 0 3 3 48    8.575    6.865   10.285  330.825   329.99   331.66
 0 3 3 49    8.575    6.865   10.285  329.075   328.24   329.91
 0 3 3 50    8.575    6.865   10.285  327.325   326.49   328.16
 0 3 3 51    8.575    6.865   10.285  325.575   324.74   326.41
 0 3 3 52    8.575    6.865   10.285  323.825   322.99   324.66
 0 3 3 53    8.575    6.865   10.285  322.075   321.24   322.91
 0 3 3 54    8.575    6.865   10.285  320.325   319.49   321.16
 0 3 3 55    8.575    6.865   10.285  318.575   317.74   319.41
 0 3 3 56    8.575    6.865   10.285  316.825   315.99   317.66
 0 3 3 57    8.575    6.865   10.285  315.075   314.24   315.91
 0 3 3 58    8.575    6.865   10.285  313.325   312.49   314.16
 0 3 3 59    8.575    6.865   10.285  311.575   310.74   312.41
 0 3 3 60    8.575    6.865   10.285  309.825   308.99   310.66
 0 3 3 61    8.575    6.865   10.285  308.075   307.24   308.91
 0 3 3 62    8.575    6.865   10.285  306.325   305.49   307.16
 0 3 3 63    8.575    6.865   10.285  304.575   303.74   305.41
