0	0	0	68	31
0	0	1	67	31
0	0	2	66	31
0	0	3	65	31
0	0	4	68	30
0	0	5	67	30
0	0	6	66	30
0	0	7	65	30
0	0	8	68	29
0	0	9	67	29
0	0	10	66	29
0	0	11	65	29
0	0	12	68	28
0	0	13	67	28
0	0	14	66	28
0	0	15	65	28
0	0	16	68	27
0	0	17	67	27
0	0	18	66	27
0	0	19	65	27
0	0	20	68	26
0	0	21	67	26
0	0	22	66	26
0	0	23	65	26
0	0	24	68	25
0	0	25	67	25
0	0	26	66	25
0	0	27	65	25
0	0	28	68	24
0	0	29	67	24
0	0	30	66	24
0	0	31	65	24
0	0	32	68	23
0	0	33	67	23
0	0	34	66	23
0	0	35	65	23
0	0	36	68	22
0	0	37	67	22
0	0	38	66	22
0	0	39	65	22
0	0	40	68	21
0	0	41	67	21
0	0	42	66	21
0	0	43	65	21
0	0	44	68	20
0	0	45	67	20
0	0	46	66	20
0	0	47	65	20
0	0	48	68	19
0	0	49	67	19
0	0	50	66	19
0	0	51	65	19
0	0	52	68	18
0	0	53	67	18
0	0	54	66	18
0	0	55	65	18
0	0	56	68	17
0	0	57	67	17
0	0	58	66	17
0	0	59	65	17
0	0	60	68	16
0	0	61	67	16
0	0	62	66	16
0	0	63	65	16
0	1	0	68	63
0	1	1	67	63
0	1	2	66	63
0	1	3	65	63
0	1	4	68	62
0	1	5	67	62
0	1	6	66	62
0	1	7	65	62
0	1	8	68	61
0	1	9	67	61
0	1	10	66	61
0	1	11	65	61
0	1	12	68	60
0	1	13	67	60
0	1	14	66	60
0	1	15	65	60
0	1	16	68	59
0	1	17	67	59
0	1	18	66	59
0	1	19	65	59
0	1	20	68	58
0	1	21	67	58
0	1	22	66	58
0	1	23	65	58
0	1	24	68	57
0	1	25	67	57
0	1	26	66	57
0	1	27	65	57
0	1	28	68	56
0	1	29	67	56
0	1	30	66	56
0	1	31	65	56
0	1	32	68	55
0	1	33	67	55
0	1	34	66	55
0	1	35	65	55
0	1	36	68	54
0	1	37	67	54
0	1	38	66	54
0	1	39	65	54
0	1	40	68	53
0	1	41	67	53
0	1	42	66	53
0	1	43	65	53
0	1	44	68	52
0	1	45	67	52
0	1	46	66	52
0	1	47	65	52
0	1	48	68	51
0	1	49	67	51
0	1	50	66	51
0	1	51	65	51
0	1	52	68	50
0	1	53	67	50
0	1	54	66	50
0	1	55	65	50
0	1	56	68	49
0	1	57	67	49
0	1	58	66	49
0	1	59	65	49
0	1	60	68	48
0	1	61	67	48
0	1	62	66	48
0	1	63	65	48
0	2	0	65	95
0	2	1	66	95
0	2	2	67	95
0	2	3	68	95
0	2	4	65	94
0	2	5	66	94
0	2	6	67	94
0	2	7	68	94
0	2	8	65	93
0	2	9	66	93
0	2	10	67	93
0	2	11	68	93
0	2	12	65	92
0	2	13	66	92
0	2	14	67	92
0	2	15	68	92
0	2	16	65	91
0	2	17	66	91
0	2	18	67	91
0	2	19	68	91
0	2	20	65	90
0	2	21	66	90
0	2	22	67	90
0	2	23	68	90
0	2	24	65	89
0	2	25	66	89
0	2	26	67	89
0	2	27	68	89
0	2	28	65	88
0	2	29	66	88
0	2	30	67	88
0	2	31	68	88
0	2	32	65	87
0	2	33	66	87
0	2	34	67	87
0	2	35	68	87
0	2	36	65	86
0	2	37	66	86
0	2	38	67	86
0	2	39	68	86
0	2	40	65	85
0	2	41	66	85
0	2	42	67	85
0	2	43	68	85
0	2	44	65	84
0	2	45	66	84
0	2	46	67	84
0	2	47	68	84
0	2	48	65	83
0	2	49	66	83
0	2	50	67	83
0	2	51	68	83
0	2	52	65	82
0	2	53	66	82
0	2	54	67	82
0	2	55	68	82
0	2	56	65	81
0	2	57	66	81
0	2	58	67	81
0	2	59	68	81
0	2	60	65	80
0	2	61	66	80
0	2	62	67	80
0	2	63	68	80
0	3	0	65	127
0	3	1	66	127
0	3	2	67	127
0	3	3	68	127
0	3	4	65	126
0	3	5	66	126
0	3	6	67	126
0	3	7	68	126
0	3	8	65	125
0	3	9	66	125
0	3	10	67	125
0	3	11	68	125
0	3	12	65	124
0	3	13	66	124
0	3	14	67	124
0	3	15	68	124
0	3	16	65	123
0	3	17	66	123
0	3	18	67	123
0	3	19	68	123
0	3	20	65	122
0	3	21	66	122
0	3	22	67	122
0	3	23	68	122
0	3	24	65	121
0	3	25	66	121
0	3	26	67	121
0	3	27	68	121
0	3	28	65	120
0	3	29	66	120
0	3	30	67	120
0	3	31	68	120
0	3	32	65	119
0	3	33	66	119
0	3	34	67	119
0	3	35	68	119
0	3	36	65	118
0	3	37	66	118
0	3	38	67	118
0	3	39	68	118
0	3	40	65	117
0	3	41	66	117
0	3	42	67	117
0	3	43	68	117
0	3	44	65	116
0	3	45	66	116
0	3	46	67	116
0	3	47	68	116
0	3	48	65	115
0	3	49	66	115
0	3	50	67	115
0	3	51	68	115
0	3	52	65	114
0	3	53	66	114
0	3	54	67	114
0	3	55	68	114
0	3	56	65	113
0	3	57	66	113
0	3	58	67	113
0	3	59	68	113
0	3	60	65	112
0	3	61	66	112
0	3	62	67	112
0	3	63	68	112
1	0	0	65	15
1	0	1	66	15
1	0	2	67	15
1	0	3	68	15
1	0	4	65	14
1	0	5	66	14
1	0	6	67	14
1	0	7	68	14
1	0	8	65	13
1	0	9	66	13
1	0	10	67	13
1	0	11	68	13
1	0	12	65	12
1	0	13	66	12
1	0	14	67	12
1	0	15	68	12
1	0	16	65	11
1	0	17	66	11
1	0	18	67	11
1	0	19	68	11
1	0	20	65	10
1	0	21	66	10
1	0	22	67	10
1	0	23	68	10
1	0	24	65	9
1	0	25	66	9
1	0	26	67	9
1	0	27	68	9
1	0	28	65	8
1	0	29	66	8
1	0	30	67	8
1	0	31	68	8
1	0	32	65	7
1	0	33	66	7
1	0	34	67	7
1	0	35	68	7
1	0	36	65	6
1	0	37	66	6
1	0	38	67	6
1	0	39	68	6
1	0	40	65	5
1	0	41	66	5
1	0	42	67	5
1	0	43	68	5
1	0	44	65	4
1	0	45	66	4
1	0	46	67	4
1	0	47	68	4
1	0	48	65	3
1	0	49	66	3
1	0	50	67	3
1	0	51	68	3
1	0	52	65	2
1	0	53	66	2
1	0	54	67	2
1	0	55	68	2
1	0	56	65	1
1	0	57	66	1
1	0	58	67	1
1	0	59	68	1
1	0	60	65	0
1	0	61	66	0
1	0	62	67	0
1	0	63	68	0
1	1	0	65	47
1	1	1	66	47
1	1	2	67	47
1	1	3	68	47
1	1	4	65	46
1	1	5	66	46
1	1	6	67	46
1	1	7	68	46
1	1	8	65	45
1	1	9	66	45
1	1	10	67	45
1	1	11	68	45
1	1	12	65	44
1	1	13	66	44
1	1	14	67	44
1	1	15	68	44
1	1	16	65	43
1	1	17	66	43
1	1	18	67	43
1	1	19	68	43
1	1	20	65	42
1	1	21	66	42
1	1	22	67	42
1	1	23	68	42
1	1	24	65	41
1	1	25	66	41
1	1	26	67	41
1	1	27	68	41
1	1	28	65	40
1	1	29	66	40
1	1	30	67	40
1	1	31	68	40
1	1	32	65	39
1	1	33	66	39
1	1	34	67	39
1	1	35	68	39
1	1	36	65	38
1	1	37	66	38
1	1	38	67	38
1	1	39	68	38
1	1	40	65	37
1	1	41	66	37
1	1	42	67	37
1	1	43	68	37
1	1	44	65	36
1	1	45	66	36
1	1	46	67	36
1	1	47	68	36
1	1	48	65	35
1	1	49	66	35
1	1	50	67	35
1	1	51	68	35
1	1	52	65	34
1	1	53	66	34
1	1	54	67	34
1	1	55	68	34
1	1	56	65	33
1	1	57	66	33
1	1	58	67	33
1	1	59	68	33
1	1	60	65	32
1	1	61	66	32
1	1	62	67	32
1	1	63	68	32
1	2	0	68	79
1	2	1	67	79
1	2	2	66	79
1	2	3	65	79
1	2	4	68	78
1	2	5	67	78
1	2	6	66	78
1	2	7	65	78
1	2	8	68	77
1	2	9	67	77
1	2	10	66	77
1	2	11	65	77
1	2	12	68	76
1	2	13	67	76
1	2	14	66	76
1	2	15	65	76
1	2	16	68	75
1	2	17	67	75
1	2	18	66	75
1	2	19	65	75
1	2	20	68	74
1	2	21	67	74
1	2	22	66	74
1	2	23	65	74
1	2	24	68	73
1	2	25	67	73
1	2	26	66	73
1	2	27	65	73
1	2	28	68	72
1	2	29	67	72
1	2	30	66	72
1	2	31	65	72
1	2	32	68	71
1	2	33	67	71
1	2	34	66	71
1	2	35	65	71
1	2	36	68	70
1	2	37	67	70
1	2	38	66	70
1	2	39	65	70
1	2	40	68	69
1	2	41	67	69
1	2	42	66	69
1	2	43	65	69
1	2	44	68	68
1	2	45	67	68
1	2	46	66	68
1	2	47	65	68
1	2	48	68	67
1	2	49	67	67
1	2	50	66	67
1	2	51	65	67
1	2	52	68	66
1	2	53	67	66
1	2	54	66	66
1	2	55	65	66
1	2	56	68	65
1	2	57	67	65
1	2	58	66	65
1	2	59	65	65
1	2	60	68	64
1	2	61	67	64
1	2	62	66	64
1	2	63	65	64
1	3	0	68	111
1	3	1	67	111
1	3	2	66	111
1	3	3	65	111
1	3	4	68	110
1	3	5	67	110
1	3	6	66	110
1	3	7	65	110
1	3	8	68	109
1	3	9	67	109
1	3	10	66	109
1	3	11	65	109
1	3	12	68	108
1	3	13	67	108
1	3	14	66	108
1	3	15	65	108
1	3	16	68	107
1	3	17	67	107
1	3	18	66	107
1	3	19	65	107
1	3	20	68	106
1	3	21	67	106
1	3	22	66	106
1	3	23	65	106
1	3	24	68	105
1	3	25	67	105
1	3	26	66	105
1	3	27	65	105
1	3	28	68	104
1	3	29	67	104
1	3	30	66	104
1	3	31	65	104
1	3	32	68	103
1	3	33	67	103
1	3	34	66	103
1	3	35	65	103
1	3	36	68	102
1	3	37	67	102
1	3	38	66	102
1	3	39	65	102
1	3	40	68	101
1	3	41	67	101
1	3	42	66	101
1	3	43	65	101
1	3	44	68	100
1	3	45	67	100
1	3	46	66	100
1	3	47	65	100
1	3	48	68	99
1	3	49	67	99
1	3	50	66	99
1	3	51	65	99
1	3	52	68	98
1	3	53	67	98
1	3	54	66	98
1	3	55	65	98
1	3	56	68	97
1	3	57	67	97
1	3	58	66	97
1	3	59	65	97
1	3	60	68	96
1	3	61	67	96
1	3	62	66	96
1	3	63	65	96
2	0	0	-1	56
2	0	1	-1	58
2	0	2	-1	60
2	0	3	-1	62
2	0	4	-1	48
2	0	5	-1	50
2	0	6	-1	52
2	0	7	-1	54
2	0	8	-1	40
2	0	9	-1	42
2	0	10	-1	44
2	0	11	-1	46
2	0	12	-1	32
2	0	13	-1	34
2	0	14	-1	36
2	0	15	-1	38
2	0	16	-1	24
2	0	17	-1	26
2	0	18	-1	28
2	0	19	-1	30
2	0	20	-1	16
2	0	21	-1	18
2	0	22	-1	20
2	0	23	-1	22
2	0	24	-1	8
2	0	25	-1	10
2	0	26	-1	12
2	0	27	-1	14
2	0	28	-1	0
2	0	29	-1	2
2	0	30	-1	4
2	0	31	-1	6
2	0	32	28	-1
2	0	33	29	-1
2	0	34	30	-1
2	0	35	31	-1
2	0	36	24	-1
2	0	37	25	-1
2	0	38	26	-1
2	0	39	27	-1
2	0	40	20	-1
2	0	41	21	-1
2	0	42	22	-1
2	0	43	23	-1
2	0	44	16	-1
2	0	45	17	-1
2	0	46	18	-1
2	0	47	19	-1
2	0	48	12	-1
2	0	49	13	-1
2	0	50	14	-1
2	0	51	15	-1
2	0	52	8	-1
2	0	53	9	-1
2	0	54	10	-1
2	0	55	11	-1
2	0	56	4	-1
2	0	57	5	-1
2	0	58	6	-1
2	0	59	7	-1
2	0	60	0	-1
2	0	61	1	-1
2	0	62	2	-1
2	0	63	3	-1
2	1	0	-1	120
2	1	1	-1	122
2	1	2	-1	124
2	1	3	-1	126
2	1	4	-1	112
2	1	5	-1	114
2	1	6	-1	116
2	1	7	-1	118
2	1	8	-1	104
2	1	9	-1	106
2	1	10	-1	108
2	1	11	-1	110
2	1	12	-1	96
2	1	13	-1	98
2	1	14	-1	100
2	1	15	-1	102
2	1	16	-1	88
2	1	17	-1	90
2	1	18	-1	92
2	1	19	-1	94
2	1	20	-1	80
2	1	21	-1	82
2	1	22	-1	84
2	1	23	-1	86
2	1	24	-1	72
2	1	25	-1	74
2	1	26	-1	76
2	1	27	-1	78
2	1	28	-1	64
2	1	29	-1	66
2	1	30	-1	68
2	1	31	-1	70
2	1	32	60	-1
2	1	33	61	-1
2	1	34	62	-1
2	1	35	63	-1
2	1	36	56	-1
2	1	37	57	-1
2	1	38	58	-1
2	1	39	59	-1
2	1	40	52	-1
2	1	41	53	-1
2	1	42	54	-1
2	1	43	55	-1
2	1	44	48	-1
2	1	45	49	-1
2	1	46	50	-1
2	1	47	51	-1
2	1	48	44	-1
2	1	49	45	-1
2	1	50	46	-1
2	1	51	47	-1
2	1	52	40	-1
2	1	53	41	-1
2	1	54	42	-1
2	1	55	43	-1
2	1	56	36	-1
2	1	57	37	-1
2	1	58	38	-1
2	1	59	39	-1
2	1	60	32	-1
2	1	61	33	-1
2	1	62	34	-1
2	1	63	35	-1
2	2	0	64	63
2	2	1	64	62
2	2	2	64	61
2	2	3	64	60
2	2	4	64	59
2	2	5	64	58
2	2	6	64	57
2	2	7	64	56
2	2	8	64	55
2	2	9	64	54
2	2	10	64	53
2	2	11	64	52
2	2	12	64	51
2	2	13	64	50
2	2	14	64	49
2	2	15	64	48
2	2	16	64	47
2	2	17	64	46
2	2	18	64	45
2	2	19	64	44
2	2	20	64	43
2	2	21	64	42
2	2	22	64	41
2	2	23	64	40
2	2	24	64	39
2	2	25	64	38
2	2	26	64	37
2	2	27	64	36
2	2	28	64	35
2	2	29	64	34
2	2	30	64	33
2	2	31	64	32
2	2	32	64	31
2	2	33	64	30
2	2	34	64	29
2	2	35	64	28
2	2	36	64	27
2	2	37	64	26
2	2	38	64	25
2	2	39	64	24
2	2	40	64	23
2	2	41	64	22
2	2	42	64	21
2	2	43	64	20
2	2	44	64	19
2	2	45	64	18
2	2	46	64	17
2	2	47	64	16
2	2	48	64	15
2	2	49	64	14
2	2	50	64	13
2	2	51	64	12
2	2	52	64	11
2	2	53	64	10
2	2	54	64	9
2	2	55	64	8
2	2	56	64	7
2	2	57	64	6
2	2	58	64	5
2	2	59	64	4
2	2	60	64	3
2	2	61	64	2
2	2	62	64	1
2	2	63	64	0
2	3	0	64	127
2	3	1	64	126
2	3	2	64	125
2	3	3	64	124
2	3	4	64	123
2	3	5	64	122
2	3	6	64	121
2	3	7	64	120
2	3	8	64	119
2	3	9	64	118
2	3	10	64	117
2	3	11	64	116
2	3	12	64	115
2	3	13	64	114
2	3	14	64	113
2	3	15	64	112
2	3	16	64	111
2	3	17	64	110
2	3	18	64	109
2	3	19	64	108
2	3	20	64	107
2	3	21	64	106
2	3	22	64	105
2	3	23	64	104
2	3	24	64	103
2	3	25	64	102
2	3	26	64	101
2	3	27	64	100
2	3	28	64	99
2	3	29	64	98
2	3	30	64	97
2	3	31	64	96
2	3	32	64	95
2	3	33	64	94
2	3	34	64	93
2	3	35	64	92
2	3	36	64	91
2	3	37	64	90
2	3	38	64	89
2	3	39	64	88
2	3	40	64	87
2	3	41	64	86
2	3	42	64	85
2	3	43	64	84
2	3	44	64	83
2	3	45	64	82
2	3	46	64	81
2	3	47	64	80
2	3	48	64	79
2	3	49	64	78
2	3	50	64	77
2	3	51	64	76
2	3	52	64	75
2	3	53	64	74
2	3	54	64	73
2	3	55	64	72
2	3	56	64	71
2	3	57	64	70
2	3	58	64	69
2	3	59	64	68
2	3	60	64	67
2	3	61	64	66
2	3	62	64	65
2	3	63	64	64
3	0	0	-1	62
3	0	1	-1	60
3	0	2	-1	58
3	0	3	-1	56
3	0	4	-1	54
3	0	5	-1	52
3	0	6	-1	50
3	0	7	-1	48
3	0	8	-1	46
3	0	9	-1	44
3	0	10	-1	42
3	0	11	-1	40
3	0	12	-1	38
3	0	13	-1	36
3	0	14	-1	34
3	0	15	-1	32
3	0	16	-1	30
3	0	17	-1	28
3	0	18	-1	26
3	0	19	-1	24
3	0	20	-1	22
3	0	21	-1	20
3	0	22	-1	18
3	0	23	-1	16
3	0	24	-1	14
3	0	25	-1	12
3	0	26	-1	10
3	0	27	-1	8
3	0	28	-1	6
3	0	29	-1	4
3	0	30	-1	2
3	0	31	-1	0
3	0	32	102	-1
3	0	33	103	-1
3	0	34	104	-1
3	0	35	105	-1
3	0	36	106	-1
3	0	37	107	-1
3	0	38	108	-1
3	0	39	109	-1
3	0	40	110	-1
3	0	41	111	-1
3	0	42	112	-1
3	0	43	113	-1
3	0	44	114	-1
3	0	45	115	-1
3	0	46	116	-1
3	0	47	117	-1
3	0	48	118	-1
3	0	49	119	-1
3	0	50	120	-1
3	0	51	121	-1
3	0	52	122	-1
3	0	53	123	-1
3	0	54	124	-1
3	0	55	125	-1
3	0	56	126	-1
3	0	57	127	-1
3	0	58	128	-1
3	0	59	129	-1
3	0	60	130	-1
3	0	61	131	-1
3	0	62	132	-1
3	0	63	133	-1
3	1	0	-1	126
3	1	1	-1	124
3	1	2	-1	122
3	1	3	-1	120
3	1	4	-1	118
3	1	5	-1	116
3	1	6	-1	114
3	1	7	-1	112
3	1	8	-1	110
3	1	9	-1	108
3	1	10	-1	106
3	1	11	-1	104
3	1	12	-1	102
3	1	13	-1	100
3	1	14	-1	98
3	1	15	-1	96
3	1	16	-1	94
3	1	17	-1	92
3	1	18	-1	90
3	1	19	-1	88
3	1	20	-1	86
3	1	21	-1	84
3	1	22	-1	82
3	1	23	-1	80
3	1	24	-1	78
3	1	25	-1	76
3	1	26	-1	74
3	1	27	-1	72
3	1	28	-1	70
3	1	29	-1	68
3	1	30	-1	66
3	1	31	-1	64
3	1	32	70	-1
3	1	33	71	-1
3	1	34	72	-1
3	1	35	73	-1
3	1	36	74	-1
3	1	37	75	-1
3	1	38	76	-1
3	1	39	77	-1
3	1	40	78	-1
3	1	41	79	-1
3	1	42	80	-1
3	1	43	81	-1
3	1	44	82	-1
3	1	45	83	-1
3	1	46	84	-1
3	1	47	85	-1
3	1	48	86	-1
3	1	49	87	-1
3	1	50	88	-1
3	1	51	89	-1
3	1	52	90	-1
3	1	53	91	-1
3	1	54	92	-1
3	1	55	93	-1
3	1	56	94	-1
3	1	57	95	-1
3	1	58	96	-1
3	1	59	97	-1
3	1	60	98	-1
3	1	61	99	-1
3	1	62	100	-1
3	1	63	101	-1
3	2	0	69	63
3	2	1	69	62
3	2	2	69	61
3	2	3	69	60
3	2	4	69	59
3	2	5	69	58
3	2	6	69	57
3	2	7	69	56
3	2	8	69	55
3	2	9	69	54
3	2	10	69	53
3	2	11	69	52
3	2	12	69	51
3	2	13	69	50
3	2	14	69	49
3	2	15	69	48
3	2	16	69	47
3	2	17	69	46
3	2	18	69	45
3	2	19	69	44
3	2	20	69	43
3	2	21	69	42
3	2	22	69	41
3	2	23	69	40
3	2	24	69	39
3	2	25	69	38
3	2	26	69	37
3	2	27	69	36
3	2	28	69	35
3	2	29	69	34
3	2	30	69	33
3	2	31	69	32
3	2	32	69	31
3	2	33	69	30
3	2	34	69	29
3	2	35	69	28
3	2	36	69	27
3	2	37	69	26
3	2	38	69	25
3	2	39	69	24
3	2	40	69	23
3	2	41	69	22
3	2	42	69	21
3	2	43	69	20
3	2	44	69	19
3	2	45	69	18
3	2	46	69	17
3	2	47	69	16
3	2	48	69	15
3	2	49	69	14
3	2	50	69	13
3	2	51	69	12
3	2	52	69	11
3	2	53	69	10
3	2	54	69	9
3	2	55	69	8
3	2	56	69	7
3	2	57	69	6
3	2	58	69	5
3	2	59	69	4
3	2	60	69	3
3	2	61	69	2
3	2	62	69	1
3	2	63	69	0
3	3	0	69	127
3	3	1	69	126
3	3	2	69	125
3	3	3	69	124
3	3	4	69	123
3	3	5	69	122
3	3	6	69	121
3	3	7	69	120
3	3	8	69	119
3	3	9	69	118
3	3	10	69	117
3	3	11	69	116
3	3	12	69	115
3	3	13	69	114
3	3	14	69	113
3	3	15	69	112
3	3	16	69	111
3	3	17	69	110
3	3	18	69	109
3	3	19	69	108
3	3	20	69	107
3	3	21	69	106
3	3	22	69	105
3	3	23	69	104
3	3	24	69	103
3	3	25	69	102
3	3	26	69	101
3	3	27	69	100
3	3	28	69	99
3	3	29	69	98
3	3	30	69	97
3	3	31	69	96
3	3	32	69	95
3	3	33	69	94
3	3	34	69	93
3	3	35	69	92
3	3	36	69	91
3	3	37	69	90
3	3	38	69	89
3	3	39	69	88
3	3	40	69	87
3	3	41	69	86
3	3	42	69	85
3	3	43	69	84
3	3	44	69	83
3	3	45	69	82
3	3	46	69	81
3	3	47	69	80
3	3	48	69	79
3	3	49	69	78
3	3	50	69	77
3	3	51	69	76
3	3	52	69	75
3	3	53	69	74
3	3	54	69	73
3	3	55	69	72
3	3	56	69	71
3	3	57	69	70
3	3	58	69	69
3	3	59	69	68
3	3	60	69	67
3	3	61	69	66
3	3	62	69	65
3	3	63	69	64
