14	0	-146.8	0	394.7
14	1	-146.8	0	399.7        
14	2	-146.8	0	404.8 		
14	3	-146.8	0	409.8 		
14	4	-146.8	0	414.9        
14	5	-146.8	0	419.9        
14	6	-146.8	0	424.9 		
14	7	-146.8	0	430.0        	
13	0	-146.8	0	349.5
13	1	-146.8	0	354.5        
13	2	-146.8	0	359.6        
13	3	-146.8	0	364.6
13	4	-146.8	0	369.7
13	5	-146.8	0	374.7        
13	6	-146.8	0	379.7        
13	7	-146.8	0	384.8        
12	0	-146.8	0	304.3        
12	1	-146.8	0	309.3 
12	2	-146.8	0	314.4        
12	3	-146.8	0	319.4        
12	4	-146.8	0	324.5        
12	5	-146.8	0	329.5        	
12	6	-146.8	0	334.5        	
12	7	-146.8	0	339.6 
11	0	-146.8	0	259.1        
11	1	-146.8	0	264.1        	
11	2	-146.8	0	269.2        	
11	3	-146.8	0	274.2        
11	4	-146.8	0	279.3 
11	5	-146.8	0	284.3
11	6	-146.8	0	289.3
11	7	-146.8	0	294.4
17	0	-146.8	0	213.9
17	1	-146.8	0	218.9
17	2	-146.8	0	224.0 
17	3	-146.8	0	229.0 
17	4	-146.8	0	234.1
17	5	-146.8	0	239.1
17	6	-146.8	0	244.1
17	7	-146.8	0	249.2
16	0	-146.8	0	168.7
16	1	-146.8	0	173.7
16	2	-146.8	0	178.8
16	3	-146.8	0	183.8
16	4	-146.8	0	188.9
16	5	-146.8	0	193.9
16	6	-146.8	0	198.9
16	7	-146.8	0	204.0
15	0	-146.8	0	123.5
15	1	-146.8	0	128.5
15	2	-146.8	0	133.6
15	3	-146.8	0	138.6
15	4	-146.8	0	143.7
15	5	-146.8	0	148.7
15	6	-146.8	0	153.7
15	7	-146.8	0	158.8
101	0	-48.6	-66.1	400.1
101	1	-43.6	-66.1	400.1
101	2	-38.5	-66.1	400.1
101	3	-33.5	-66.1	400.1
101	4	-28.5	-66.1	400.1
101	5	-23.4	-66.1	400.1
101	6	-18.4	-66.1	400.1
101	7	-13.3	-66.1	400.1
104	0	-89.6	-66.1	435.3
104	1	-89.6	-66.1	430.3
104	2	-89.6	-66.1	425.2
104	3	-89.6	-66.1	420.2
104	4	-89.6	-66.1	415.2
104	5	-89.6	-66.1	410.1
104	6	-89.6	-66.1	405.1
104	7	-89.6	-66.1	400.0
103	0	-89.6	-66.1	390.1
103	1	-89.6	-66.1	385.1
103	2	-89.6	-66.1	380.0
103	3	-89.6	-66.1	375.0
103	4	-89.6	-66.1	370.0
103	5	-89.6	-66.1	364.9
103	6	-89.6	-66.1	359.9
103	7	-89.6	-66.1	354.8
102	0	-89.6	-66.1	344.9
102	1	-89.6	-66.1	339.9
102	2	-89.6	-66.1	334.8
102	3	-89.6	-66.1	329.8
102	4	-89.6	-66.1	324.8
102	5	-89.6	-66.1	319.7
102	6	-89.6	-66.1	314.7
102	7	-89.6	-66.1	309.6
108	0	-89.6	-66.1	299.7
108	1	-89.6	-66.1	294.7
108	2	-89.6	-66.1	289.6
108	3	-89.6	-66.1	284.6
108	4	-89.6	-66.1	279.6
108	5	-89.6	-66.1	274.5
108	6	-89.6	-66.1	269.5
108	7	-89.6	-66.1	264.4
107	0	-89.6	-66.1	254.5
107	1	-89.6	-66.1	249.5
107	2	-89.6	-66.1	244.4
107	3	-89.6	-66.1	239.4
107	4	-89.6	-66.1	234.4
107	5	-89.6	-66.1	229.3
107	6	-89.6	-66.1	224.3
107	7	-89.6	-66.1	219.2
106	0	-89.6	-66.1	209.3
106	1	-89.6	-66.1	204.3
106	2	-89.6	-66.1	199.2
106	3	-89.6	-66.1	194.2
106	4	-89.6	-66.1	189.2
106	5	-89.6	-66.1	184.1
106	6	-89.6	-66.1	179.1
106	7	-89.6	-66.1	174.0
105	0	-89.6	-66.1	164.1
105	1	-89.6	-66.1	159.1
105	2	-89.6	-66.1	154.0
105	3	-89.6	-66.1	149.0
105	4	-89.6	-66.1	144.0
105	5	-89.6	-66.1	138.9
105	6	-89.6	-66.1	133.9
105	7	-89.6	-66.1	128.8
21	0	146.8	0	435.3
21	1	146.8	0	430.3
21	2	146.8	0	425.2
21	3	146.8	0	420.2
21	4	146.8	0	415.2
21	5	146.8	0	410.1
21	6	146.8	0	405.1
21	7	146.8	0	400.0
22	0	146.8	0	390.1
22	1	146.8	0	385.1
22	2	146.8	0	380.0
22	3	146.8	0	375.0
22	4	146.8	0	370.0
22	5	146.8	0	364.9
22	6	146.8	0	359.9
22	7	146.8	0	354.8
23	0	146.8	0	344.9
23	1	146.8	0	339.9
23	2	146.8	0	334.8
23	3	146.8	0	329.8
23	4	146.8	0	324.8
23	5	146.8	0	319.7
23	6	146.8	0	314.7
23	7	146.8	0	309.6
24	0	146.8	0	299.7
24	1	146.8	0	294.7
24	2	146.8	0	289.6
24	3	146.8	0	284.6
24	4	146.8	0	279.6
24	5	146.8	0	274.5
24	6	146.8	0	269.5
24	7	146.8	0	264.4
25	0	146.8	0	254.5
25	1	146.8	0	249.5
25	2	146.8	0	244.4
25	3	146.8	0	239.4
25	4	146.8	0	234.4
25	5	146.8	0	229.3
25	6	146.8	0	224.3
25	7	146.8	0	219.2
26	0	146.8	0	209.3
26	1	146.8	0	204.3
26	2	146.8	0	199.2
26	3	146.8	0	194.2
26	4	146.8	0	189.2
26	5	146.8	0	184.1
26	6	146.8	0	179.1
26	7	146.8	0	174.0
27	0	146.8	0	164.1
27	1	146.8	0	159.1
27	2	146.8	0	154.0
27	3	146.8	0	149.0
27	4	146.8	0	144.0
27	5	146.8	0	138.9
27	6	146.8	0	133.9
27	7	146.8	0	128.8
204	0	8.0	-66.1	400.1
204	1	13.0	-66.1	400.1
204	2	18.1	-66.1	400.1
204	3	23.1	-66.1	400.1
204	4	28.2	-66.1	400.1
204	5	33.2	-66.1	400.1
204	6	38.2	-66.1	400.1
204	7	43.3	-66.1	400.1
201	0	89.6	-66.1	394.7
201	1	89.6	-66.1	399.7
201	2	89.6	-66.1	404.8
201	3	89.6	-66.1	409.8
201	4	89.6	-66.1	414.9
201	5	89.6	-66.1	419.9
201	6	89.6	-66.1	424.9
201	7	89.6	-66.1	430.0
202	0	89.6	-66.1	349.5
202	1	89.6	-66.1	354.5
202	2	89.6	-66.1	359.6
202	3	89.6	-66.1	364.6
202	4	89.6	-66.1	369.7
202	5	89.6	-66.1	374.7
202	6	89.6	-66.1	379.7
202	7	89.6	-66.1	384.8
203	0	89.6	-66.1	304.3
203	1	89.6	-66.1	309.3
203	2	89.6	-66.1	314.4
203	3	89.6	-66.1	319.4
203	4	89.6	-66.1	324.5
203	5	89.6	-66.1	329.5
203	6	89.6	-66.1	334.5
203	7	89.6	-66.1	339.6
205	0	89.6	-66.1	259.1
205	1	89.6	-66.1	264.1
205	2	89.6	-66.1	269.2
205	3	89.6	-66.1	274.2
205	4	89.6	-66.1	279.3
205	5	89.6	-66.1	284.3
205	6	89.6	-66.1	289.3
205	7	89.6	-66.1	294.4
206	0	89.6	-66.1	213.9
206	1	89.6	-66.1	218.9
206	2	89.6	-66.1	224.0
206	3	89.6	-66.1	229.0
206	4	89.6	-66.1	234.1
206	5	89.6	-66.1	239.1
206	6	89.6	-66.1	244.1
206	7	89.6	-66.1	249.2
207	0	89.6	-66.1	168.7
207	1	89.6	-66.1	173.7
207	2	89.6	-66.1	178.8
207	3	89.6	-66.1	183.8
207	4	89.6	-66.1	188.9
207	5	89.6	-66.1	193.9
207	6	89.6	-66.1	198.9
207	7	89.6	-66.1	204.0
208	0	89.6	-66.1	123.5
208	1	89.6	-66.1	128.5
208	2	89.6	-66.1	133.6
208	3	89.6	-66.1	138.6
208	4	89.6	-66.1	143.7
208	5	89.6	-66.1	148.7
208	6	89.6	-66.1	153.7
208	7	89.6	-66.1	158.8
