-53.3185
-8.31852
-6.31852
-5.31852
-7.31852
-9.31852
-12.3185
-17.3185
-20.3185
-19.3185
-15.3185
-9.31852
-12.3185
-11.3185
-9.31852
-12.3185
-16.3185
-15.3185
-19.3185
-17.3185
-16.3185
-14.3185
-16.3185
-10.3185
-3.31852
-2.31852
0.681481
7.68148
8.68148
6.68148
5.68148
4.68148
7.68148
5.68148
5.68148
-1.31852
-8.31852
-13.3185
-12.3185
-12.3185
-12.3185
-11.3185
-13.3185
-13.3185
-9.31852
-9.31852
-8.31852
-11.3185
-10.3185
-10.3185
-10.3185
-13.3185
-14.3185
-12.3185
-17.3185
-17.3185
-21.3185
-24.3185
-27.3185
-28.3185
-26.3185
-19.3185
-14.3185
-12.3185
-5.31852
-3.31852
-5.31852
-9.31852
-11.3185
-13.3185
-14.3185
-15.3185
-16.3185
-15.3185
-12.3185
-12.3185
-9.31852
-6.31852
-5.31852
-4.31852
-2.31852
-2.31852
-2.31852
4.68148
0.681481
-3.31852
-4.31852
-3.31852
-2.31852
-1.31852
-3.31852
-3.31852
-10.3185
-14.3185
-13.3185
-13.3185
-8.31852
-8.31852
-9.31852
-0.318519
3.68148
0.681481
8.68148
11.6815
15.6815
16.6815
14.6815
12.6815
3.68148
1.68148
-3.31852
-7.31852
-6.31852
-4.31852
-3.31852
-2.31852
-2.31852
1.68148
1.68148
2.68148
5.68148
8.68148
6.68148
1.68148
4.68148
1.68148
5.68148
11.6815
15.6815
18.6815
18.6815
20.6815
21.6815
16.6815
14.6815
16.6815
12.6815
7.68148
5.68148
4.68148
7.68148
2.68148
2.68148
0.681481
1.68148
-4.31852
-11.3185
-10.3185
-17.3185
-15.3185
-9.31852
1.68148
5.68148
5.68148
7.68148
4.68148
3.68148
2.68148
4.68148
3.68148
8.68148
7.68148
9.68148
9.68148
10.6815
6.68148
5.68148
5.68148
3.68148
3.68148
5.68148
6.68148
8.68148
8.68148
4.68148
5.68148
4.68148
2.68148
-0.318519
4.68148
4.68148
3.68148
2.68148
7.68148
8.68148
6.68148
4.68148
7.68148
5.68148
5.68148
6.68148
3.68148
5.68148
5.68148
4.68148
4.68148
0.681481
-0.318519
-5.31852
-6.31852
-3.31852
-3.31852
-3.31852
-4.31852
-0.318519
-1.31852
0.681481
5.68148
9.68148
9.68148
16.6815
12.6815
19.6815
20.6815
17.6815
13.6815
9.68148
6.68148
3.68148
3.68148
3.68148
1.68148
0.681481
4.68148
6.68148
11.6815
15.6815
14.6815
6.68148
2.68148
-0.318519
1.68148
1.68148
10.6815
10.6815
13.6815
13.6815
13.6815
13.6815
12.6815
10.6815
12.6815
13.6815
16.6815
13.6815
10.6815
10.6815
4.68148
7.68148
5.68148
6.68148
5.68148
3.68148
-1.31852
0.681481
1.68148
-0.318519
0.681481
-0.318519
-0.318519
-4.31852
3.68148
8.68148
11.6815
5.68148
6.68148
5.68148
7.68148
5.68148
5.68148
7.68148
5.68148
6.68148
1.68148
0.681481
-0.318519
3.68148
0.681481
-3.31852
-4.31852
-9.31852
-5.31852
0.681481
13.6815
19.6815
16.6815
20.6815
21.6815
21.6815
19.6815
20.6815
19.6815
19.6815
24.6815
32.6815
39.6815
58.6815
99.6815
146.681
216.681
294.681
380.681
472.681
564.681
648.681
728.681
787.681
828.681
850.681
844.681
820.681
776.681
717.681
658.681
599.681
532.681
466.681
400.681
342.681
287.681
245.681
205.681
174.681
153.681
129.681
110.681
97.6815
84.6815
72.6815
59.6815
54.6815
46.6815
44.6815
34.6815
28.6815
22.6815
19.6815
21.6815
24.6815
27.6815
30.6815
28.6815
26.6815
22.6815
19.6815
14.6815
19.6815
19.6815
19.6815
21.6815
