-56.7519
-15.7519
-13.7519
-11.7519
-12.7519
-12.7519
-11.7519
-9.75185
-7.75185
-12.7519
-9.75185
-11.7519
-15.7519
-15.7519
-10.7519
-9.75185
-7.75185
-8.75185
-11.7519
-9.75185
-6.75185
-11.7519
-12.7519
-13.7519
-12.7519
-13.7519
-13.7519
-10.7519
-11.7519
-7.75185
-11.7519
-6.75185
-2.75185
-7.75185
-5.75185
-4.75185
-4.75185
-3.75185
-8.75185
-6.75185
-5.75185
-7.75185
-6.75185
-0.751852
8.24815
20.2481
27.2481
42.2481
66.2481
92.2481
125.248
166.248
212.248
260.248
323.248
409.248
513.248
635.248
765.248
904.248
1034.25
1157.25
1244.25
1308.25
1339.25
1348.25
1337.25
1301.25
1244.25
1169.25
1084.25
995.248
903.248
811.248
733.248
660.248
585.248
520.248
463.248
413.248
378.248
338.248
305.248
270.248
244.248
221.248
204.248
188.248
177.248
163.248
149.248
133.248
122.248
115.248
104.248
98.2481
87.2481
80.2481
67.2481
62.2481
58.2481
50.2481
41.2481
35.2481
24.2481
18.2481
18.2481
11.2481
13.2481
8.24815
7.24815
2.24815
4.24815
-2.75185
-4.75185
-11.7519
-12.7519
-17.7519
-21.7519
-22.7519
-24.7519
-25.7519
-15.7519
-8.75185
-11.7519
-8.75185
-13.7519
-16.7519
-18.7519
-13.7519
-5.75185
-2.75185
1.24815
3.24815
4.24815
4.24815
1.24815
7.24815
1.24815
7.24815
6.24815
12.2481
8.24815
9.24815
6.24815
-2.75185
-0.751852
-2.75185
-2.75185
-4.75185
-5.75185
-5.75185
-0.751852
1.24815
4.24815
6.24815
6.24815
7.24815
8.24815
14.2481
14.2481
11.2481
8.24815
2.24815
-2.75185
-0.751852
5.24815
7.24815
9.24815
7.24815
7.24815
6.24815
2.24815
-1.75185
-7.75185
-12.7519
-9.75185
-11.7519
-6.75185
-4.75185
-7.75185
-9.75185
-11.7519
-15.7519
-16.7519
-15.7519
-15.7519
-14.7519
-17.7519
-16.7519
-12.7519
-4.75185
3.24815
4.24815
9.24815
11.2481
13.2481
13.2481
7.24815
1.24815
2.24815
6.24815
8.24815
6.24815
3.24815
-1.75185
-3.75185
-5.75185
-3.75185
-4.75185
-3.75185
-1.75185
0.248148
8.24815
8.24815
8.24815
6.24815
4.24815
8.24815
9.24815
11.2481
18.2481
19.2481
14.2481
16.2481
11.2481
13.2481
15.2481
13.2481
15.2481
20.2481
18.2481
18.2481
16.2481
13.2481
12.2481
10.2481
7.24815
3.24815
-2.75185
1.24815
3.24815
4.24815
12.2481
14.2481
14.2481
9.24815
2.24815
0.248148
1.24815
-1.75185
-0.751852
-3.75185
-1.75185
-1.75185
-3.75185
0.248148
1.24815
0.248148
-1.75185
-4.75185
-7.75185
-8.75185
-8.75185
-8.75185
-9.75185
-14.7519
-13.7519
-15.7519
-13.7519
-9.75185
-0.751852
5.24815
11.2481
10.2481
12.2481
6.24815
6.24815
6.24815
6.24815
7.24815
5.24815
6.24815
7.24815
6.24815
6.24815
3.24815
2.24815
-1.75185
4.24815
5.24815
4.24815
2.24815
-3.75185
-7.75185
-9.75185
-6.75185
-7.75185
-3.75185
6.24815
7.24815
11.2481
11.2481
11.2481
12.2481
10.2481
12.2481
10.2481
6.24815
8.24815
3.24815
0.248148
4.24815
3.24815
2.24815
3.24815
4.24815
3.24815
7.24815
11.2481
7.24815
9.24815
5.24815
4.24815
4.24815
10.2481
9.24815
9.24815
8.24815
9.24815
5.24815
-0.751852
1.24815
1.24815
-3.75185
-8.75185
-9.75185
-7.75185
-6.75185
-6.75185
-5.75185
-6.75185
-10.7519
-6.75185
-3.75185
0.248148
1.24815
0.248148
3.24815
1.24815
