-57.9444
-19.9444
-20.9444
-21.9444
-21.9444
-15.9444
-11.9444
-11.9444
-9.94444
-4.94444
-2.94444
-2.94444
-0.944444
-2.94444
-5.94444
-8.94444
-18.9444
-22.9444
-25.9444
-32.9444
-31.9444
-28.9444
-29.9444
-26.9444
-27.9444
-23.9444
-21.9444
-21.9444
-16.9444
-10.9444
-5.94444
-4.94444
-4.94444
-4.94444
-4.94444
-2.94444
-1.94444
0.0555556
3.05556
1.05556
4.05556
7.05556
9.05556
0.0555556
-2.94444
-6.94444
-9.94444
-12.9444
-14.9444
-16.9444
-5.94444
-9.94444
-11.9444
-10.9444
-7.94444
-5.94444
-9.94444
-7.94444
-10.9444
-11.9444
-10.9444
-3.94444
-5.94444
-6.94444
-8.94444
-5.94444
-6.94444
-8.94444
-7.94444
-12.9444
-17.9444
-15.9444
-16.9444
-15.9444
-9.94444
-12.9444
-12.9444
-15.9444
-14.9444
-15.9444
-16.9444
-10.9444
-5.94444
-4.94444
-8.94444
-11.9444
-10.9444
-9.94444
-10.9444
-9.94444
-10.9444
-7.94444
-4.94444
-0.944444
-2.94444
1.05556
3.05556
6.05556
8.05556
6.05556
9.05556
16.0556
29.0556
46.0556
82.0556
141.056
250.056
409.056
635.056
905.056
1239.06
1598.06
1974.06
2336.06
2667.06
2937.06
3146.06
3275.06
3324.06
3303.06
3199.06
3024.06
2800.06
2551.06
2279.06
2009.06
1744.06
1498.06
1269.06
1067.06
892.056
743.056
609.056
498.056
406.056
327.056
264.056
212.056
171.056
137.056
110.056
90.0556
68.0556
53.0556
49.0556
40.0556
29.0556
37.0556
36.0556
30.0556
25.0556
25.0556
21.0556
17.0556
18.0556
17.0556
12.0556
12.0556
15.0556
18.0556
24.0556
14.0556
20.0556
14.0556
14.0556
11.0556
12.0556
12.0556
17.0556
20.0556
22.0556
21.0556
21.0556
22.0556
20.0556
22.0556
22.0556
21.0556
10.0556
10.0556
9.05556
7.05556
8.05556
5.05556
2.05556
2.05556
5.05556
7.05556
11.0556
12.0556
15.0556
14.0556
10.0556
9.05556
15.0556
18.0556
22.0556
30.0556
31.0556
31.0556
31.0556
33.0556
30.0556
23.0556
22.0556
19.0556
17.0556
14.0556
11.0556
12.0556
14.0556
12.0556
18.0556
17.0556
13.0556
12.0556
9.05556
13.0556
15.0556
17.0556
19.0556
18.0556
19.0556
19.0556
17.0556
15.0556
18.0556
17.0556
15.0556
13.0556
15.0556
16.0556
12.0556
17.0556
17.0556
15.0556
17.0556
10.0556
12.0556
4.05556
3.05556
5.05556
7.05556
5.05556
0.0555556
0.0555556
-2.94444
-6.94444
-2.94444
0.0555556
2.05556
3.05556
3.05556
8.05556
7.05556
7.05556
7.05556
8.05556
6.05556
5.05556
1.05556
-4.94444
-5.94444
-8.94444
-8.94444
-13.9444
-15.9444
-12.9444
-16.9444
-18.9444
-10.9444
-9.94444
-5.94444
-4.94444
-1.94444
-3.94444
-4.94444
-3.94444
-2.94444
1.05556
2.05556
3.05556
4.05556
1.05556
2.05556
-1.94444
-1.94444
-4.94444
-4.94444
0.0555556
1.05556
3.05556
1.05556
1.05556
-0.944444
-4.94444
-3.94444
2.05556
1.05556
1.05556
-0.944444
-1.94444
2.05556
3.05556
4.05556
3.05556
9.05556
11.0556
7.05556
4.05556
8.05556
8.05556
5.05556
4.05556
-2.94444
-7.94444
-7.94444
-10.9444
-8.94444
-3.94444
-7.94444
-11.9444
-15.9444
-17.9444
-16.9444
-14.9444
-14.9444
-10.9444
-8.94444
-9.94444
-8.94444
-7.94444
-6.94444
-7.94444
-12.9444
-13.9444
-16.9444
-14.9444
-15.9444
-15.9444
-10.9444
-11.9444
-6.94444
-9.94444
-5.94444
-3.94444
-4.94444
-0.944444
-0.944444
-1.94444
